Run	Time	Name	X pos	Y pos

0	0.00	4Bee409	184.50	46.50
0	0.00	4Bee408	195.50	27.50
0	0.00	4Bee407	178.50	29.50
0	0.00	4Bee406	192.50	2.50
0	0.00	4Bee405	167.50	20.50
0	0.00	4Bee404	186.50	7.50
0	0.00	4Bee403	151.50	17.50
0	0.00	4Bee402	163.50	18.50
0	0.00	4Bee401	175.50	19.50
0	0.00	4Bee400	168.50	40.50
0	0.00	3Bee309	106.50	33.50
0	0.00	3Bee308	143.50	38.50
0	0.00	3Bee307	108.50	1.50
0	0.00	3Bee306	142.50	43.50
0	0.00	3Bee305	107.50	32.50
0	0.00	3Bee304	148.50	17.50
0	0.00	3Bee303	133.50	17.50
0	0.00	3Bee302	124.50	1.50
0	0.00	3Bee301	125.50	1.50
0	0.00	3Bee300	145.50	10.50
0	0.00	2Bee209	79.50	43.50
0	0.00	2Bee208	78.50	41.50
0	0.00	2Bee207	79.50	13.50
0	0.00	2Bee206	64.50	47.50
0	0.00	2Bee205	70.50	29.50
0	0.00	2Bee204	90.50	23.50
0	0.00	2Bee203	92.50	6.50
0	0.00	2Bee202	63.50	5.50
0	0.00	2Bee201	63.50	42.50
0	0.00	2Bee200	62.50	46.50
0	0.00	1Bee109	0.50	8.50
0	0.00	1Bee108	32.50	4.50
0	0.00	1Bee107	30.50	26.50
0	0.00	1Bee106	39.50	0.50
0	0.00	1Bee105	13.50	42.50
0	0.00	1Bee104	19.50	21.50
0	0.00	1Bee103	21.50	33.50
0	0.00	1Bee102	38.50	42.50
0	0.00	1Bee101	41.50	15.50
0	0.00	1Bee100	17.50	49.50
0	1.00	4Bee409	186.54	46.61
0	1.00	4Bee408	197.54	27.39
0	1.00	4Bee407	176.46	29.71
0	1.00	4Bee406	190.98	3.87
0	1.00	4Bee405	168.23	22.41
0	1.00	4Bee404	186.29	9.54
0	1.00	4Bee403	151.93	16.78
0	1.00	4Bee402	164.20	16.58
0	1.00	4Bee401	177.11	18.24
0	1.00	4Bee400	166.93	41.82
0	1.00	3Bee309	106.32	35.54
0	1.00	3Bee308	142.83	40.44
0	1.00	3Bee307	108.95	0.80
0	1.00	3Bee306	140.55	44.13
0	1.00	3Bee305	106.94	30.53
0	1.00	3Bee304	147.77	19.41
0	1.00	3Bee303	134.58	15.76
0	1.00	3Bee302	124.29	3.54
0	1.00	3Bee301	123.47	1.25
0	1.00	3Bee300	147.31	11.46
0	1.00	2Bee209	77.48	43.18
0	1.00	2Bee208	78.64	39.46
0	1.00	2Bee207	78.94	15.47
0	1.00	2Bee206	65.92	46.03
0	1.00	2Bee205	72.48	28.97
0	1.00	2Bee204	88.66	24.40
0	1.00	2Bee203	94.18	5.33
0	1.00	2Bee202	63.64	3.46
0	1.00	2Bee201	65.13	41.27
0	1.00	2Bee200	60.45	46.54
0	1.00	1Bee109	2.54	8.61
0	1.00	1Bee108	33.61	6.22
0	1.00	1Bee107	32.54	26.36
0	1.00	1Bee106	39.43	0.50
0	1.00	1Bee105	13.61	44.54
0	1.00	1Bee104	21.32	20.57
0	1.00	1Bee103	23.49	33.96
0	1.00	1Bee102	38.71	44.54
0	1.00	1Bee101	39.49	15.89
0	1.00	1Bee100	18.40	48.65
0	2.01	4Bee409	188.56	46.71
0	2.01	4Bee408	199.56	27.29
0	2.01	4Bee407	174.46	29.92
0	2.01	4Bee406	189.48	5.22
0	2.01	4Bee405	168.96	24.30
0	2.01	4Bee404	186.08	11.54
0	2.01	4Bee403	153.00	15.07
0	2.01	4Bee402	164.89	14.68
0	2.01	4Bee401	178.70	17.00
0	2.01	4Bee400	165.39	43.11
0	2.01	3Bee309	106.15	37.55
0	2.01	3Bee308	142.18	42.34
0	2.01	3Bee307	109.70	0.60
0	2.01	3Bee306	138.63	44.76
0	2.01	3Bee305	106.38	28.59
0	2.01	3Bee304	147.04	21.30
0	2.01	3Bee303	135.65	14.05
0	2.01	3Bee302	124.07	5.54
0	2.01	3Bee301	121.46	1.00
0	2.01	3Bee300	149.09	12.41
0	2.01	2Bee209	75.48	42.86
0	2.01	2Bee208	78.78	37.44
0	2.01	2Bee207	78.38	17.41
0	2.01	2Bee206	67.32	44.58
0	2.01	2Bee205	74.43	28.45
0	2.01	2Bee204	86.85	25.28
0	2.01	2Bee203	95.83	4.17
0	2.01	2Bee202	63.78	1.44
0	2.01	2Bee201	66.75	40.05
0	2.01	2Bee200	58.44	46.57
0	2.01	1Bee109	4.56	8.71
0	2.01	1Bee108	34.71	7.91
0	2.01	1Bee107	34.56	26.22
0	2.01	1Bee106	39.07	1.18
0	2.01	1Bee105	13.71	46.56
0	2.01	1Bee104	23.12	19.65
0	2.01	1Bee103	25.46	34.41
0	2.01	1Bee102	38.92	46.54
0	2.01	1Bee101	37.51	16.28
0	2.01	1Bee100	19.85	47.24
0	3.01	4Bee409	190.55	46.82
0	3.01	4Bee408	200.60	27.23
0	3.01	4Bee407	172.47	30.13
0	3.01	4Bee406	188.00	6.55
0	3.01	4Bee405	169.67	26.16
0	3.01	4Bee404	185.87	13.53
0	3.01	4Bee403	154.06	13.38
0	3.01	4Bee402	165.57	12.81
0	3.01	4Bee401	180.27	15.77
0	3.01	4Bee400	163.86	44.39
0	3.01	3Bee309	105.97	39.54
0	3.01	3Bee308	141.53	44.23
0	3.01	3Bee307	111.69	0.58
0	3.01	3Bee306	136.74	45.37
0	3.01	3Bee305	105.83	26.68
0	3.01	3Bee304	146.33	23.16
0	3.01	3Bee303	136.71	12.36
0	3.01	3Bee302	123.87	7.53
0	3.01	3Bee301	119.49	0.76
0	3.01	3Bee300	150.85	13.34
0	3.01	2Bee209	73.52	42.55
0	3.01	2Bee208	78.92	35.46
0	3.01	2Bee207	77.83	19.32
0	3.01	2Bee206	68.71	43.14
0	3.01	2Bee205	76.35	27.93
0	3.01	2Bee204	85.05	26.16
0	3.01	2Bee203	97.46	3.02
0	3.01	2Bee202	63.92	-0.54
0	3.01	2Bee201	68.34	38.85
0	3.01	2Bee200	56.44	46.61
0	3.01	1Bee109	6.55	8.82
0	3.01	1Bee108	35.80	9.58
0	3.01	1Bee107	36.54	26.08
0	3.01	1Bee106	38.18	2.96
0	3.01	1Bee105	13.82	48.55
0	3.01	1Bee104	24.90	18.75
0	3.01	1Bee103	27.40	34.86
0	3.01	1Bee102	39.13	48.53
0	3.01	1Bee101	35.55	16.66
0	3.01	1Bee100	21.29	45.86
0	4.00	4Bee409	192.53	46.92
0	4.00	4Bee408	200.70	27.10
0	4.00	4Bee407	170.50	30.34
0	4.00	4Bee406	186.52	7.88
0	4.00	4Bee405	170.38	28.01
0	4.00	4Bee404	185.66	15.50
0	4.00	4Bee403	155.11	11.69
0	4.00	4Bee402	166.25	10.94
0	4.00	4Bee401	181.84	14.55
0	4.00	4Bee400	162.34	45.67
0	4.00	3Bee309	105.80	41.51
0	4.00	3Bee308	140.88	46.11
0	4.00	3Bee307	113.68	0.55
0	4.00	3Bee306	134.85	45.99
0	4.00	3Bee305	105.28	24.77
0	4.00	3Bee304	145.62	25.01
0	4.00	3Bee303	137.76	10.68
0	4.00	3Bee302	123.66	9.50
0	4.00	3Bee301	117.51	0.52
0	4.00	3Bee300	152.60	14.28
0	4.00	2Bee209	71.55	42.24
0	4.00	2Bee208	79.06	33.47
0	4.00	2Bee207	77.28	21.23
0	4.00	2Bee206	70.09	41.71
0	4.00	2Bee205	78.27	27.42
0	4.00	2Bee204	83.27	27.03
0	4.00	2Bee203	99.09	1.89
0	4.00	2Bee202	64.06	-2.53
0	4.00	2Bee201	69.92	37.66
0	4.00	2Bee200	54.46	46.64
0	4.00	1Bee109	8.53	8.92
0	4.00	1Bee108	36.88	11.25
0	4.00	1Bee107	38.53	25.94
0	4.00	1Bee106	37.29	4.74
0	4.00	1Bee105	13.92	50.53
0	4.00	1Bee104	26.67	17.85
0	4.00	1Bee103	29.34	35.31
0	4.00	1Bee102	39.34	50.50
0	4.00	1Bee101	33.60	17.04
0	4.00	1Bee100	22.72	44.48
0	5.02	4Bee409	194.56	47.03
0	5.02	4Bee408	200.86	25.55
0	5.02	4Bee407	168.48	30.55
0	5.02	4Bee406	185.02	9.24
0	5.02	4Bee405	171.11	29.90
0	5.02	4Bee404	185.45	17.52
0	5.02	4Bee403	156.19	9.97
0	5.02	4Bee402	166.94	9.03
0	5.02	4Bee401	183.44	13.30
0	5.02	4Bee400	160.78	46.97
0	5.02	3Bee309	105.62	43.53
0	5.02	3Bee308	140.22	48.02
0	5.02	3Bee307	115.71	0.53
0	5.02	3Bee306	132.92	46.61
0	5.02	3Bee305	104.72	22.82
0	5.02	3Bee304	144.89	26.90
0	5.02	3Bee303	138.84	8.96
0	5.02	3Bee302	123.45	11.52
0	5.02	3Bee301	115.50	0.27
0	5.02	3Bee300	154.39	15.23
0	5.02	2Bee209	69.55	41.92
0	5.02	2Bee208	79.20	31.45
0	5.02	2Bee207	76.72	23.18
0	5.02	2Bee206	71.50	40.25
0	5.02	2Bee205	80.23	26.89
0	5.02	2Bee204	81.45	27.92
0	5.02	2Bee203	100.75	0.72
0	5.02	2Bee202	64.20	-4.55
0	5.02	2Bee201	71.54	36.44
0	5.02	2Bee200	52.43	46.68
0	5.02	1Bee109	10.56	9.03
0	5.02	1Bee108	37.99	12.95
0	5.02	1Bee107	40.55	25.80
0	5.02	1Bee106	36.38	6.55
0	5.02	1Bee105	14.03	52.56
0	5.02	1Bee104	28.47	16.93
0	5.02	1Bee103	31.31	35.77
0	5.02	1Bee102	39.55	52.52
0	5.02	1Bee101	31.61	17.42
0	5.02	1Bee100	24.17	43.07
0	6.01	4Bee409	196.54	47.13
0	6.01	4Bee408	201.04	23.85
0	6.01	4Bee407	166.51	30.76
0	6.01	4Bee406	183.54	10.57
0	6.01	4Bee405	171.82	31.76
0	6.01	4Bee404	185.24	19.49
0	6.01	4Bee403	157.24	8.29
0	6.01	4Bee402	167.62	7.17
0	6.01	4Bee401	185.00	12.08
0	6.01	4Bee400	159.27	48.25
0	6.01	3Bee309	105.45	45.51
0	6.01	3Bee308	139.58	49.90
0	6.01	3Bee307	117.69	0.50
0	6.01	3Bee306	131.03	47.23
0	6.01	3Bee305	104.18	20.91
0	6.01	3Bee304	144.18	28.76
0	6.01	3Bee303	139.89	7.28
0	6.01	3Bee302	123.24	13.49
0	6.01	3Bee301	113.53	0.03
0	6.01	3Bee300	156.15	16.16
0	6.01	2Bee209	67.59	41.61
0	6.01	2Bee208	79.34	29.47
0	6.01	2Bee207	76.18	25.09
0	6.01	2Bee206	72.87	38.83
0	6.01	2Bee205	82.15	26.38
0	6.01	2Bee204	79.66	28.79
0	6.01	2Bee203	102.38	-0.42
0	6.01	2Bee202	64.34	-6.53
0	6.01	2Bee201	73.13	35.24
0	6.01	2Bee200	50.45	46.71
0	6.01	1Bee109	12.54	9.13
0	6.01	1Bee108	39.07	14.61
0	6.01	1Bee107	42.53	25.66
0	6.01	1Bee106	35.50	8.32
0	6.01	1Bee105	14.13	54.54
0	6.01	1Bee104	30.24	16.03
0	6.01	1Bee103	33.25	36.21
0	6.01	1Bee102	39.76	54.49
0	6.01	1Bee101	29.67	17.80
0	6.01	1Bee100	25.60	41.69
0	7.02	4Bee409	198.55	47.24
0	7.02	4Bee408	200.68	22.42
0	7.02	4Bee407	164.51	30.97
0	7.02	4Bee406	182.04	11.91
0	7.02	4Bee405	172.54	33.64
0	7.02	4Bee404	185.03	21.49
0	7.02	4Bee403	158.31	6.59
0	7.02	4Bee402	168.31	5.28
0	7.02	4Bee401	186.59	10.84
0	7.02	4Bee400	157.72	49.54
0	7.02	3Bee309	105.27	47.52
0	7.02	3Bee308	138.92	51.80
0	7.02	3Bee307	119.71	0.48
0	7.02	3Bee306	129.12	47.85
0	7.02	3Bee305	103.62	18.97
0	7.02	3Bee304	143.46	30.64
0	7.02	3Bee303	140.96	5.57
0	7.02	3Bee302	123.03	15.49
0	7.02	3Bee301	111.53	-0.21
0	7.02	3Bee300	157.92	17.11
0	7.02	2Bee209	65.60	41.30
0	7.02	2Bee208	79.48	27.46
0	7.02	2Bee207	75.62	27.03
0	7.02	2Bee206	74.27	37.38
0	7.02	2Bee205	84.09	25.86
0	7.02	2Bee204	77.85	29.67
0	7.02	2Bee203	104.03	-1.57
0	7.02	2Bee202	64.48	-8.54
0	7.02	2Bee201	74.74	34.03
0	7.02	2Bee200	48.43	46.75
0	7.02	1Bee109	14.55	9.24
0	7.02	1Bee108	40.16	16.30
0	7.02	1Bee107	44.54	25.52
0	7.02	1Bee106	34.60	10.13
0	7.02	1Bee105	14.24	56.55
0	7.02	1Bee104	32.04	15.11
0	7.02	1Bee103	35.21	36.67
0	7.02	1Bee102	39.97	56.49
0	7.02	1Bee101	27.69	18.18
0	7.02	1Bee100	27.05	40.29
