Run	Time	Name	X pos	Y pos

0	0.00	Bee09	22.50	9.50
0	0.00	Bee08	32.50	11.50
0	0.00	Bee01	19.50	16.50
0	0.00	Bee07	45.50	23.50
0	0.00	Bee06	33.50	34.50
0	0.00	Bee03	1.50	1.50
0	0.00	Bee04	39.50	19.50
0	0.00	Bee05	41.50	7.50
0	0.00	Bee02	16.50	18.50
0	0.00	Bee00	3.50	4.50
0	1.01	Bee09	20.58	10.27
0	1.01	Bee08	30.85	10.26
0	1.01	Bee01	21.55	16.25
0	1.01	Bee07	46.86	21.94
0	1.01	Bee06	34.66	32.79
0	1.01	Bee03	3.53	1.11
0	1.01	Bee04	39.68	17.44
0	1.01	Bee05	40.01	8.94
0	1.01	Bee02	15.90	20.48
0	1.01	Bee00	1.77	3.37
0	2.01	Bee09	18.74	11.02
0	2.01	Bee08	29.26	9.06
0	2.01	Bee01	23.52	16.01
0	2.01	Bee07	48.16	20.44
0	2.01	Bee06	35.77	31.14
0	2.01	Bee03	4.69	1.09
0	2.01	Bee04	39.85	15.46
0	2.01	Bee05	38.58	10.32
0	2.01	Bee02	15.32	22.38
0	2.01	Bee00	0.98	2.86
0	3.01	Bee09	16.87	11.77
0	3.01	Bee08	27.65	7.85
0	3.01	Bee01	25.52	15.76
0	3.01	Bee07	49.02	19.46
0	3.01	Bee06	36.89	29.47
0	3.01	Bee03	6.68	1.42
0	3.01	Bee04	40.03	13.46
0	3.01	Bee05	37.14	11.71
0	3.01	Bee02	14.73	24.30
0	3.01	Bee00	0.97	2.64
0	4.01	Bee09	15.03	12.52
0	4.01	Bee08	26.07	6.65
0	4.01	Bee01	27.50	15.52
0	4.01	Bee07	48.91	18.79
0	4.01	Bee06	38.00	27.82
0	4.01	Bee03	8.64	1.74
0	4.01	Bee04	40.20	11.48
0	4.01	Bee05	35.71	13.10
0	4.01	Bee02	14.14	26.20
0	4.01	Bee00	1.38	0.97
0	5.02	Bee09	13.16	13.27
0	5.02	Bee08	24.46	5.44
0	5.02	Bee01	29.50	15.27
0	5.02	Bee07	48.58	16.80
0	5.02	Bee06	39.13	26.15
0	5.02	Bee03	10.63	2.06
0	5.02	Bee04	40.38	9.47
0	5.02	Bee05	34.25	14.50
0	5.02	Bee02	13.55	28.13
0	5.02	Bee00	1.36	0.94
0	6.01	Bee09	11.31	14.02
0	6.01	Bee08	22.86	4.24
0	6.01	Bee01	31.48	15.03
0	6.01	Bee07	48.24	14.84
0	6.01	Bee06	40.25	24.50
0	6.01	Bee03	12.60	2.38
0	6.01	Bee04	40.55	7.48
0	6.01	Bee05	32.82	15.88
0	6.01	Bee02	12.97	30.04
0	6.01	Bee00	1.29	0.93
0	7.01	Bee09	9.45	14.77
0	7.01	Bee08	21.26	3.03
0	7.01	Bee01	32.54	14.66
0	7.01	Bee07	47.91	12.86
0	7.01	Bee06	41.37	22.84
0	7.01	Bee03	14.57	2.70
0	7.01	Bee04	40.73	5.48
0	7.01	Bee05	31.38	17.27
0	7.01	Bee02	12.39	31.95
0	7.01	Bee00	0.94	1.04
0	8.01	Bee09	7.61	15.52
0	8.01	Bee08	19.68	1.84
0	8.01	Bee01	34.30	13.74
0	8.01	Bee07	47.58	10.90
0	8.01	Bee06	42.48	21.19
0	8.01	Bee03	16.54	3.02
0	8.01	Bee04	40.90	3.50
0	8.01	Bee05	29.95	18.65
0	8.01	Bee02	11.81	33.86
0	8.01	Bee00	0.91	1.02
0	9.01	Bee09	5.76	16.26
0	9.01	Bee08	18.52	0.96
0	9.01	Bee01	36.07	12.81
0	9.01	Bee07	47.24	8.94
0	9.01	Bee06	43.59	19.53
0	9.01	Bee03	18.50	3.34
0	9.01	Bee04	41.07	1.52
0	9.01	Bee05	28.51	20.04
0	9.01	Bee02	11.22	35.76
0	9.01	Bee00	0.90	0.96
0	10.00	Bee09	3.91	17.01
0	10.00	Bee08	18.02	1.07
0	10.00	Bee01	37.83	11.89
0	10.00	Bee07	46.91	6.97
0	10.00	Bee06	44.71	17.88
0	10.00	Bee03	20.47	3.66
0	10.00	Bee04	41.12	0.97
0	10.00	Bee05	27.08	21.42
0	10.00	Bee02	10.64	37.67
0	10.00	Bee00	0.88	0.93
0	11.01	Bee09	2.04	17.77
0	11.01	Bee08	16.06	1.55
0	11.01	Bee01	39.62	10.95
0	11.01	Bee07	46.57	4.98
0	11.01	Bee06	45.84	16.21
0	11.01	Bee03	22.47	3.99
0	11.01	Bee04	41.18	0.95
0	11.01	Bee05	25.63	22.83
0	11.01	Bee02	10.05	39.60
0	11.01	Bee00	0.84	0.93
