Run	Time	Name	X pos	Y pos

0	0.00	Bee09	22.50	9.50
0	0.00	Bee08	32.50	11.50
0	0.00	Bee01	19.50	16.50
0	0.00	Bee07	45.50	23.50
0	0.00	Bee06	33.50	34.50
0	0.00	Bee03	1.50	1.50
0	0.00	Bee04	39.50	19.50
0	0.00	Bee05	41.50	7.50
0	0.00	Bee02	16.50	18.50
0	0.00	Bee00	3.50	4.50
0	1.00	Bee09	20.60	10.27
0	1.00	Bee08	30.86	10.27
0	1.00	Bee01	21.53	16.25
0	1.00	Bee07	46.84	21.95
0	1.00	Bee06	34.65	32.80
0	1.00	Bee03	3.51	1.11
0	1.00	Bee04	39.68	17.46
0	1.00	Bee05	40.03	8.92
0	1.00	Bee02	15.90	20.46
0	1.00	Bee00	1.78	3.38
0	2.02	Bee09	18.73	11.02
0	2.02	Bee08	29.25	9.05
0	2.02	Bee01	23.54	16.00
0	2.02	Bee07	48.17	20.43
0	2.02	Bee06	35.78	31.13
0	2.02	Bee03	4.71	1.10
0	2.02	Bee04	39.85	15.44
0	2.02	Bee05	38.57	10.33
0	2.02	Bee02	15.31	22.39
0	2.02	Bee00	0.99	2.87
0	3.01	Bee09	16.88	11.77
0	3.01	Bee08	27.66	7.85
0	3.01	Bee01	25.52	15.76
0	3.01	Bee07	49.03	19.44
0	3.01	Bee06	36.89	29.48
0	3.01	Bee03	6.67	1.42
0	3.01	Bee04	40.03	13.46
0	3.01	Bee05	37.14	11.71
0	3.01	Bee02	14.73	24.30
0	3.01	Bee00	0.97	2.65
0	4.00	Bee09	15.04	12.51
0	4.00	Bee08	26.08	6.66
0	4.00	Bee01	27.48	15.52
0	4.00	Bee07	48.94	18.81
0	4.00	Bee06	38.00	27.83
0	4.00	Bee03	8.63	1.74
0	4.00	Bee04	40.20	11.49
0	4.00	Bee05	35.71	13.09
0	4.00	Bee02	14.15	26.19
0	4.00	Bee00	1.38	0.95
0	5.01	Bee09	13.17	13.27
0	5.01	Bee08	24.47	5.45
0	5.01	Bee01	29.48	15.27
0	5.01	Bee07	48.61	16.82
0	5.01	Bee06	39.13	26.16
0	5.01	Bee03	10.62	2.06
0	5.01	Bee04	40.38	9.48
0	5.01	Bee05	34.26	14.49
0	5.01	Bee02	13.56	28.12
0	5.01	Bee00	1.41	0.94
0	6.00	Bee09	11.33	14.01
0	6.00	Bee08	22.88	4.25
0	6.00	Bee01	31.46	15.03
0	6.00	Bee07	48.28	14.86
0	6.00	Bee06	40.24	24.51
0	6.00	Bee03	12.58	2.38
0	6.00	Bee04	40.55	7.50
0	6.00	Bee05	32.83	15.87
0	6.00	Bee02	12.98	30.02
0	6.00	Bee00	1.97	1.07
0	7.01	Bee09	9.46	14.77
0	7.01	Bee08	21.27	3.04
0	7.01	Bee01	32.53	14.67
0	7.01	Bee07	47.95	12.87
0	7.01	Bee06	41.36	22.84
0	7.01	Bee03	14.57	2.70
0	7.01	Bee04	40.73	5.49
0	7.01	Bee05	31.39	17.27
0	7.01	Bee02	12.39	31.95
0	7.01	Bee00	3.92	1.58
0	8.01	Bee09	7.61	15.52
0	8.01	Bee08	19.67	1.83
0	8.01	Bee01	34.30	13.74
0	8.01	Bee07	47.62	10.90
0	8.01	Bee06	42.48	21.19
0	8.01	Bee03	16.54	3.02
0	8.01	Bee04	40.90	3.50
0	8.01	Bee05	29.95	18.66
0	8.01	Bee02	11.80	33.86
0	8.01	Bee00	5.85	2.08
0	9.01	Bee09	5.76	16.26
0	9.01	Bee08	18.51	0.96
0	9.01	Bee01	36.07	12.81
0	9.01	Bee07	47.29	8.93
0	9.01	Bee06	43.60	19.53
0	9.01	Bee03	18.51	3.34
0	9.01	Bee04	41.07	1.51
0	9.01	Bee05	28.51	20.04
0	9.01	Bee02	11.22	35.77
0	9.01	Bee00	7.79	2.58
0	10.02	Bee09	3.89	17.02
0	10.02	Bee08	17.98	1.07
0	10.02	Bee01	37.86	11.88
0	10.02	Bee07	46.96	6.94
0	10.02	Bee06	44.72	17.86
0	10.02	Bee03	20.50	3.66
0	10.02	Bee04	41.12	0.98
0	10.02	Bee05	27.06	21.44
0	10.02	Bee02	10.63	37.70
0	10.02	Bee00	9.74	3.09
0	11.01	Bee09	2.04	17.76
0	11.01	Bee08	16.05	1.53
0	11.01	Bee01	39.62	10.95
0	11.01	Bee07	46.63	4.98
0	11.01	Bee06	45.84	16.21
0	11.01	Bee03	22.47	3.98
0	11.01	Bee04	41.18	0.95
0	11.01	Bee05	25.63	22.83
0	11.01	Bee02	10.05	39.60
0	11.01	Bee00	11.66	3.59
0	12.04	Bee09	0.92	18.22
0	12.04	Bee08	14.16	1.98
0	12.04	Bee01	41.34	10.05
0	12.04	Bee07	46.31	3.07
0	12.04	Bee06	46.92	14.60
0	12.04	Bee03	24.38	4.29
0	12.04	Bee04	42.43	1.31
0	12.04	Bee05	24.24	24.17
0	12.04	Bee02	9.48	41.45
0	12.04	Bee00	13.54	4.08
0	13.03	Bee09	0.82	18.16
0	13.03	Bee08	12.12	2.46
0	13.03	Bee01	43.19	9.08
0	13.03	Bee07	45.97	0.99
0	13.03	Bee06	48.09	12.86
0	13.03	Bee03	26.45	4.62
0	13.03	Bee04	44.45	1.89
0	13.03	Bee05	22.72	25.63
0	13.03	Bee02	8.87	43.46
0	13.03	Bee00	15.57	4.61
0	14.00	Bee09	0.78	18.17
0	14.00	Bee08	10.23	2.91
0	14.00	Bee01	44.92	8.17
0	14.00	Bee07	45.96	0.96
0	14.00	Bee06	49.05	11.44
0	14.00	Bee03	28.37	4.93
0	14.00	Bee04	45.47	2.29
0	14.00	Bee05	21.32	26.98
0	14.00	Bee02	8.30	45.32
0	14.00	Bee00	17.45	5.10
0	15.01	Bee09	0.76	18.15
0	15.01	Bee08	8.26	3.38
0	15.01	Bee01	46.71	7.23
0	15.01	Bee07	46.01	0.93
0	15.01	Bee06	49.00	11.21
0	15.01	Bee03	30.37	5.26
0	15.01	Bee04	47.10	3.48
0	15.01	Bee05	19.87	28.39
0	15.01	Bee02	7.71	47.26
0	15.01	Bee00	19.41	5.60
