Run	Time	Name	X pos	Y pos

0	0.00	4Bee409	184.50	46.50
0	0.00	4Bee408	195.50	27.50
0	0.00	4Bee407	178.50	29.50
0	0.00	4Bee406	192.50	2.50
0	0.00	4Bee405	167.50	20.50
0	0.00	4Bee404	186.50	7.50
0	0.00	4Bee403	151.50	17.50
0	0.00	4Bee402	163.50	18.50
0	0.00	4Bee401	175.50	19.50
0	0.00	4Bee400	168.50	40.50
0	0.00	3Bee309	106.50	33.50
0	0.00	3Bee308	143.50	38.50
0	0.00	3Bee307	108.50	1.50
0	0.00	3Bee306	142.50	43.50
0	0.00	3Bee305	107.50	32.50
0	0.00	3Bee304	148.50	17.50
0	0.00	3Bee303	133.50	17.50
0	0.00	3Bee302	124.50	1.50
0	0.00	3Bee301	125.50	1.50
0	0.00	3Bee300	145.50	10.50
0	0.00	2Bee209	79.50	43.50
0	0.00	2Bee208	78.50	41.50
0	0.00	2Bee207	79.50	13.50
0	0.00	2Bee206	64.50	47.50
0	0.00	2Bee205	70.50	29.50
0	0.00	2Bee204	90.50	23.50
0	0.00	2Bee203	92.50	6.50
0	0.00	2Bee202	63.50	5.50
0	0.00	2Bee201	63.50	42.50
0	0.00	2Bee200	62.50	46.50
0	0.00	1Bee109	0.50	8.50
0	0.00	1Bee108	32.50	4.50
0	0.00	1Bee107	30.50	26.50
0	0.00	1Bee106	39.50	0.50
0	0.00	1Bee105	13.50	42.50
0	0.00	1Bee104	19.50	21.50
0	0.00	1Bee103	21.50	33.50
0	0.00	1Bee102	38.50	42.50
0	0.00	1Bee101	41.50	15.50
0	0.00	1Bee100	17.50	49.50
0	1.01	4Bee409	186.56	46.61
0	1.01	4Bee408	197.56	27.39
0	1.01	4Bee407	176.45	29.72
0	1.01	4Bee406	190.97	3.88
0	1.01	4Bee405	168.24	22.42
0	1.01	4Bee404	186.28	9.55
0	1.01	4Bee403	151.57	15.44
0	1.01	4Bee402	164.20	16.56
0	1.01	4Bee401	177.12	18.23
0	1.01	4Bee400	166.92	41.82
0	1.01	3Bee309	106.32	35.55
0	1.01	3Bee308	142.83	40.45
0	1.01	3Bee307	108.86	0.85
0	1.01	3Bee306	140.54	44.14
0	1.01	3Bee305	106.93	30.52
0	1.01	3Bee304	147.76	19.42
0	1.01	3Bee303	134.59	15.75
0	1.01	3Bee302	124.28	3.55
0	1.01	3Bee301	123.45	1.25
0	1.01	3Bee300	147.32	11.47
0	1.01	2Bee209	77.46	43.18
0	1.01	2Bee208	78.64	39.44
0	1.01	2Bee207	78.93	15.48
0	1.01	2Bee206	65.93	46.02
0	1.01	2Bee205	72.49	28.97
0	1.01	2Bee204	88.65	24.40
0	1.01	2Bee203	94.19	5.32
0	1.01	2Bee202	63.64	3.44
0	1.01	2Bee201	65.15	41.26
0	1.01	2Bee200	60.44	46.54
0	1.01	1Bee109	2.56	8.61
0	1.01	1Bee108	33.62	6.23
0	1.01	1Bee107	32.56	26.36
0	1.01	1Bee106	39.43	0.50
0	1.01	1Bee105	13.61	44.56
0	1.01	1Bee104	21.34	20.56
0	1.01	1Bee103	23.51	33.96
0	1.01	1Bee102	38.72	44.55
0	1.01	1Bee101	39.48	15.89
0	1.01	1Bee100	18.40	48.64
0	2.00	4Bee409	188.54	46.71
0	2.00	4Bee408	199.54	27.29
0	2.00	4Bee407	174.48	29.92
0	2.00	4Bee406	189.49	5.21
0	2.00	4Bee405	168.95	24.28
0	2.00	4Bee404	186.08	11.52
0	2.00	4Bee403	151.64	13.46
0	2.00	4Bee402	164.88	14.70
0	2.00	4Bee401	178.69	17.01
0	2.00	4Bee400	165.40	43.10
0	2.00	3Bee309	106.15	37.53
0	2.00	3Bee308	142.18	42.32
0	2.00	3Bee307	108.93	0.85
0	2.00	3Bee306	138.65	44.75
0	2.00	3Bee305	106.39	28.61
0	2.00	3Bee304	147.05	21.28
0	2.00	3Bee303	135.64	14.07
0	2.00	3Bee302	124.08	5.52
0	2.00	3Bee301	121.48	1.01
0	2.00	3Bee300	149.07	12.40
0	2.00	2Bee209	75.50	42.87
0	2.00	2Bee208	78.78	37.46
0	2.00	2Bee207	78.39	17.39
0	2.00	2Bee206	67.31	44.59
0	2.00	2Bee205	74.41	28.45
0	2.00	2Bee204	86.86	25.27
0	2.00	2Bee203	95.81	4.18
0	2.00	2Bee202	63.78	1.46
0	2.00	2Bee201	66.73	40.07
0	2.00	2Bee200	58.46	46.57
0	2.00	1Bee109	4.54	8.71
0	2.00	1Bee108	34.70	7.89
0	2.00	1Bee107	34.54	26.22
0	2.00	1Bee106	37.80	1.57
0	2.00	1Bee105	13.71	46.54
0	2.00	1Bee104	23.10	19.66
0	2.00	1Bee103	25.44	34.41
0	2.00	1Bee102	38.92	46.52
0	2.00	1Bee101	37.53	16.27
0	2.00	1Bee100	19.83	47.25
0	3.02	4Bee409	190.57	46.82
0	3.02	4Bee408	201.57	27.18
0	3.02	4Bee407	172.46	30.13
0	3.02	4Bee406	187.99	6.56
0	3.02	4Bee405	169.68	26.17
0	3.02	4Bee404	185.87	13.54
0	3.02	4Bee403	151.71	11.43
0	3.02	4Bee402	165.58	12.79
0	3.02	4Bee401	180.29	15.76
0	3.02	4Bee400	163.85	44.40
0	3.02	3Bee309	105.97	39.55
0	3.02	3Bee308	141.52	44.24
0	3.02	3Bee307	110.34	1.66
0	3.02	3Bee306	136.72	45.38
0	3.02	3Bee305	105.83	26.66
0	3.02	3Bee304	146.32	23.17
0	3.02	3Bee303	136.72	12.35
0	3.02	3Bee302	123.87	7.54
0	3.02	3Bee301	120.30	1.25
0	3.02	3Bee300	150.86	13.35
0	3.02	2Bee209	73.50	42.55
0	3.02	2Bee208	78.92	35.44
0	3.02	2Bee207	77.83	19.34
0	3.02	2Bee206	68.72	43.13
0	3.02	2Bee205	76.37	27.93
0	3.02	2Bee204	85.04	26.16
0	3.02	2Bee203	97.47	3.02
0	3.02	2Bee202	63.82	0.96
0	3.02	2Bee201	68.35	38.85
0	3.02	2Bee200	58.05	46.58
0	3.02	1Bee109	6.56	8.82
0	3.02	1Bee108	35.81	9.59
0	3.02	1Bee107	36.56	26.08
0	3.02	1Bee106	36.11	2.69
0	3.02	1Bee105	13.82	48.56
0	3.02	1Bee104	24.91	18.74
0	3.02	1Bee103	27.42	34.87
0	3.02	1Bee102	39.13	48.54
0	3.02	1Bee101	35.54	16.66
0	3.02	1Bee100	21.28	45.84
0	4.01	4Bee409	192.55	46.92
0	4.01	4Bee408	203.55	27.08
0	4.01	4Bee407	170.49	30.34
0	4.01	4Bee406	186.51	7.89
0	4.01	4Bee405	170.39	28.02
0	4.01	4Bee404	185.66	15.51
0	4.01	4Bee403	151.78	9.45
0	4.01	4Bee402	166.26	10.93
0	4.01	4Bee401	181.85	14.54
0	4.01	4Bee400	162.33	45.68
0	4.01	3Bee309	105.80	41.53
0	4.01	3Bee308	140.88	46.12
0	4.01	3Bee307	112.06	2.64
0	4.01	3Bee306	134.84	45.99
0	4.01	3Bee305	105.28	24.75
0	4.01	3Bee304	145.61	25.02
0	4.01	3Bee303	137.77	10.67
0	4.01	3Bee302	123.66	9.51
0	4.01	3Bee301	118.37	1.71
0	4.01	3Bee300	152.62	14.28
0	4.01	2Bee209	71.54	42.24
0	4.01	2Bee208	79.06	33.46
0	4.01	2Bee207	77.28	21.25
0	4.01	2Bee206	70.10	41.70
0	4.01	2Bee205	78.28	27.41
0	4.01	2Bee204	83.26	27.03
0	4.01	2Bee203	99.10	1.88
0	4.01	2Bee202	63.93	0.90
0	4.01	2Bee201	69.94	37.65
0	4.01	2Bee200	57.07	47.82
0	4.01	1Bee109	8.55	8.92
0	4.01	1Bee108	36.89	11.26
0	4.01	1Bee107	38.54	25.94
0	4.01	1Bee106	34.46	3.79
0	4.01	1Bee105	13.92	50.55
0	4.01	1Bee104	26.68	17.84
0	4.01	1Bee103	29.35	35.31
0	4.01	1Bee102	39.34	50.51
0	4.01	1Bee101	33.59	17.04
0	4.01	1Bee100	22.70	44.46
0	5.02	4Bee409	194.56	47.03
0	5.02	4Bee408	205.02	27.00
0	5.02	4Bee407	168.48	30.55
0	5.02	4Bee406	185.02	9.24
0	5.02	4Bee405	171.11	29.90
0	5.02	4Bee404	185.45	17.52
0	5.02	4Bee403	151.85	7.44
0	5.02	4Bee402	166.94	9.04
0	5.02	4Bee401	183.44	13.30
0	5.02	4Bee400	160.79	46.97
0	5.02	3Bee309	105.62	43.53
0	5.02	3Bee308	140.22	48.02
0	5.02	3Bee307	113.80	3.65
0	5.02	3Bee306	132.92	46.61
0	5.02	3Bee305	105.01	23.59
0	5.02	3Bee304	144.89	26.90
0	5.02	3Bee303	138.84	8.96
0	5.02	3Bee302	123.45	11.52
0	5.02	3Bee301	116.41	2.17
0	5.02	3Bee300	153.06	14.56
0	5.02	2Bee209	69.55	41.92
0	5.02	2Bee208	79.20	31.45
0	5.02	2Bee207	76.72	23.18
0	5.02	2Bee206	71.50	40.26
0	5.02	2Bee205	80.23	26.89
0	5.02	2Bee204	81.45	27.91
0	5.02	2Bee203	100.45	0.94
0	5.02	2Bee202	65.23	1.25
0	5.02	2Bee201	71.54	36.44
0	5.02	2Bee200	55.88	49.32
0	5.02	1Bee109	10.56	9.03
0	5.02	1Bee108	37.98	12.95
0	5.02	1Bee107	40.55	25.80
0	5.02	1Bee106	32.78	4.90
0	5.02	1Bee105	14.03	52.56
0	5.02	1Bee104	28.47	16.93
0	5.02	1Bee103	31.31	35.77
0	5.02	1Bee102	39.55	52.52
0	5.02	1Bee101	31.61	17.42
0	5.02	1Bee100	24.15	43.05
0	6.01	4Bee409	196.54	47.13
0	6.01	4Bee408	205.04	27.03
0	6.01	4Bee407	166.51	30.76
0	6.01	4Bee406	183.54	10.57
0	6.01	4Bee405	171.82	31.75
0	6.01	4Bee404	185.24	19.49
0	6.01	4Bee403	151.92	5.45
0	6.01	4Bee402	167.62	7.17
0	6.01	4Bee401	185.00	12.08
0	6.01	4Bee400	159.27	48.25
0	6.01	3Bee309	105.45	45.51
0	6.01	3Bee308	139.86	49.07
0	6.01	3Bee307	115.52	4.64
0	6.01	3Bee306	131.03	47.22
0	6.01	3Bee305	105.15	21.61
0	6.01	3Bee304	144.18	28.75
0	6.01	3Bee303	139.89	7.28
0	6.01	3Bee302	123.24	13.49
0	6.01	3Bee301	114.47	2.62
0	6.01	3Bee300	153.00	14.78
0	6.01	2Bee209	67.59	41.61
0	6.01	2Bee208	79.34	29.47
0	6.01	2Bee207	76.18	25.09
0	6.01	2Bee206	72.87	38.83
0	6.01	2Bee205	82.14	26.38
0	6.01	2Bee204	79.67	28.78
0	6.01	2Bee203	100.77	1.01
0	6.01	2Bee202	67.15	1.76
0	6.01	2Bee201	73.13	35.25
0	6.01	2Bee200	55.79	49.36
0	6.01	1Bee109	12.54	9.13
0	6.01	1Bee108	39.07	14.61
0	6.01	1Bee107	42.53	25.66
0	6.01	1Bee106	31.12	6.00
0	6.01	1Bee105	14.13	54.54
0	6.01	1Bee104	30.24	16.03
0	6.01	1Bee103	33.25	36.21
0	6.01	1Bee102	39.76	54.49
0	6.01	1Bee101	29.67	17.80
0	6.01	1Bee100	25.57	41.67
0	7.01	4Bee409	198.55	47.24
0	7.01	4Bee408	205.00	27.32
0	7.01	4Bee407	164.51	30.97
0	7.01	4Bee406	182.05	11.91
0	7.01	4Bee405	172.54	33.63
0	7.01	4Bee404	185.03	21.49
0	7.01	4Bee403	151.99	3.44
0	7.01	4Bee402	168.31	5.28
0	7.01	4Bee401	186.59	10.84
0	7.01	4Bee400	157.93	49.37
0	7.01	3Bee309	105.27	47.52
0	7.01	3Bee308	139.88	49.09
0	7.01	3Bee307	117.27	5.64
0	7.01	3Bee306	129.12	47.85
0	7.01	3Bee305	105.30	19.60
0	7.01	3Bee304	143.46	30.63
0	7.01	3Bee303	140.96	5.57
0	7.01	3Bee302	123.03	15.49
0	7.01	3Bee301	112.51	3.08
0	7.01	3Bee300	152.36	16.69
0	7.01	2Bee209	65.60	41.30
0	7.01	2Bee208	79.48	27.47
0	7.01	2Bee207	75.62	27.02
0	7.01	2Bee206	74.27	37.38
0	7.01	2Bee205	84.09	25.86
0	7.01	2Bee204	77.86	29.67
0	7.01	2Bee203	101.07	1.09
0	7.01	2Bee202	69.09	2.29
0	7.01	2Bee201	74.74	34.03
0	7.01	2Bee200	53.81	49.40
0	7.01	1Bee109	14.55	9.24
0	7.01	1Bee108	40.16	16.30
0	7.01	1Bee107	44.53	25.52
0	7.01	1Bee106	29.45	7.11
0	7.01	1Bee105	14.24	56.55
0	7.01	1Bee104	32.04	15.11
0	7.01	1Bee103	35.21	36.66
0	7.01	1Bee102	39.97	56.49
0	7.01	1Bee101	27.69	18.18
0	7.01	1Bee100	27.01	40.26
0	8.01	4Bee409	200.53	47.34
0	8.01	4Bee408	204.58	29.26
0	8.01	4Bee407	162.53	31.18
0	8.01	4Bee406	180.57	13.24
0	8.01	4Bee405	173.25	35.49
0	8.01	4Bee404	184.82	23.47
0	8.01	4Bee403	152.06	1.45
0	8.01	4Bee402	168.99	3.41
0	8.01	4Bee401	188.15	9.62
0	8.01	4Bee400	157.90	49.36
0	8.01	3Bee309	105.14	49.03
0	8.01	3Bee308	139.95	49.10
0	8.01	3Bee307	118.99	6.63
0	8.01	3Bee306	127.23	48.46
0	8.01	3Bee305	105.44	17.62
0	8.01	3Bee304	142.75	32.49
0	8.01	3Bee303	142.01	3.88
0	8.01	3Bee302	122.82	17.47
0	8.01	3Bee301	110.58	3.54
0	8.01	3Bee300	151.72	18.58
0	8.01	2Bee209	63.64	40.99
0	8.01	2Bee208	79.62	25.48
0	8.01	2Bee207	75.07	28.93
0	8.01	2Bee206	75.65	35.95
0	8.01	2Bee205	86.01	25.34
0	8.01	2Bee204	76.07	30.54
0	8.01	2Bee203	101.08	1.16
0	8.01	2Bee202	71.01	2.80
0	8.01	2Bee201	76.32	32.84
0	8.01	2Bee200	51.83	49.44
0	8.01	1Bee109	16.53	9.34
0	8.01	1Bee108	41.24	17.97
0	8.01	1Bee107	46.52	25.38
0	8.01	1Bee106	27.79	8.21
0	8.01	1Bee105	14.34	58.53
0	8.01	1Bee104	33.81	14.21
0	8.01	1Bee103	37.14	37.11
0	8.01	1Bee102	40.18	58.47
0	8.01	1Bee101	25.74	18.56
0	8.01	1Bee100	28.43	38.88
0	9.02	4Bee409	202.55	47.45
0	9.02	4Bee408	204.16	31.23
0	9.02	4Bee407	160.53	31.39
0	9.02	4Bee406	179.07	14.59
0	9.02	4Bee405	173.98	37.37
0	9.02	4Bee404	184.61	25.47
0	9.02	4Bee403	152.08	0.98
0	9.02	4Bee402	169.68	1.52
0	9.02	4Bee401	189.74	8.37
0	9.02	4Bee400	157.51	48.90
0	9.02	3Bee309	105.11	49.05
0	9.02	3Bee308	141.15	48.49
0	9.02	3Bee307	120.74	7.63
0	9.02	3Bee306	125.54	49.01
0	9.02	3Bee305	105.59	15.61
0	9.02	3Bee304	142.02	34.37
0	9.02	3Bee303	143.08	2.18
0	9.02	3Bee302	122.61	19.47
0	9.02	3Bee301	108.62	4.00
0	9.02	3Bee300	151.08	20.48
0	9.02	2Bee209	61.65	40.67
0	9.02	2Bee208	79.76	23.47
0	9.02	2Bee207	74.52	30.87
0	9.02	2Bee206	77.05	34.50
0	9.02	2Bee205	87.95	24.82
0	9.02	2Bee204	74.26	31.42
0	9.02	2Bee203	100.52	3.09
0	9.02	2Bee202	72.96	3.33
0	9.02	2Bee201	77.93	31.62
0	9.02	2Bee200	49.81	49.49
0	9.02	1Bee109	18.55	9.45
0	9.02	1Bee108	42.34	19.66
0	9.02	1Bee107	48.53	25.24
0	9.02	1Bee106	26.11	9.32
0	9.02	1Bee105	14.45	60.55
0	9.02	1Bee104	35.60	13.30
0	9.02	1Bee103	39.11	37.57
0	9.02	1Bee102	40.39	60.47
0	9.02	1Bee101	23.76	18.95
0	9.02	1Bee100	29.88	37.47
0	10.04	4Bee409	204.51	47.55
0	10.04	4Bee408	203.75	33.16
0	10.04	4Bee407	158.57	31.59
0	10.04	4Bee406	177.61	15.91
0	10.04	4Bee405	174.68	39.21
0	10.04	4Bee404	184.41	27.43
0	10.04	4Bee403	152.02	0.95
0	10.04	4Bee402	169.92	0.87
0	10.04	4Bee401	191.29	7.16
0	10.04	4Bee400	156.97	48.25
0	10.04	3Bee309	104.95	49.01
0	10.04	3Bee308	142.90	47.59
0	10.04	3Bee307	122.44	8.62
0	10.04	3Bee306	124.14	48.96
0	10.04	3Bee305	105.73	13.65
0	10.04	3Bee304	141.32	36.21
0	10.04	3Bee303	143.82	0.99
0	10.04	3Bee302	122.40	21.43
0	10.04	3Bee301	106.70	4.45
0	10.04	3Bee300	150.45	22.35
0	10.04	2Bee209	59.71	40.37
0	10.04	2Bee208	79.90	21.51
0	10.04	2Bee207	73.98	32.76
0	10.04	2Bee206	78.42	33.08
0	10.04	2Bee205	89.86	24.31
0	10.04	2Bee204	72.49	32.28
0	10.04	2Bee203	99.97	4.98
0	10.04	2Bee202	74.86	3.84
0	10.04	2Bee201	79.50	30.44
0	10.04	2Bee200	47.84	49.53
0	10.04	1Bee109	20.51	9.55
0	10.04	1Bee108	43.41	21.31
0	10.04	1Bee107	50.49	25.10
0	10.04	1Bee106	24.47	10.40
0	10.04	1Bee105	14.55	62.51
0	10.04	1Bee104	37.35	12.40
0	10.04	1Bee103	41.03	38.01
0	10.04	1Bee102	40.59	62.43
0	10.04	1Bee101	21.83	19.32
0	10.04	1Bee100	31.29	36.10
0	11.01	4Bee409	205.02	47.57
0	11.01	4Bee408	203.33	35.15
0	11.01	4Bee407	156.99	31.76
0	11.01	4Bee406	176.10	17.27
0	11.01	4Bee405	175.41	41.10
0	11.01	4Bee404	184.20	29.45
0	11.01	4Bee403	150.61	1.18
0	11.01	4Bee402	169.90	0.84
0	11.01	4Bee401	192.89	5.91
0	11.01	4Bee400	157.20	47.25
0	11.01	3Bee309	104.92	49.03
0	11.01	3Bee308	144.70	46.66
0	11.01	3Bee307	124.20	9.63
0	11.01	3Bee306	122.12	48.88
0	11.01	3Bee305	105.88	11.62
0	11.01	3Bee304	140.59	38.10
0	11.01	3Bee303	143.94	0.94
0	11.01	3Bee302	122.19	23.45
0	11.01	3Bee301	104.96	4.86
0	11.01	3Bee300	149.80	24.27
0	11.01	2Bee209	57.70	40.05
0	11.01	2Bee208	80.04	19.49
0	11.01	2Bee207	73.42	34.71
0	11.01	2Bee206	79.83	31.63
0	11.01	2Bee205	91.82	23.79
0	11.01	2Bee204	70.67	33.17
0	11.01	2Bee203	99.41	6.93
0	11.01	2Bee202	76.82	4.36
0	11.01	2Bee201	81.12	29.22
0	11.01	2Bee200	45.81	49.57
0	11.01	1Bee109	22.54	9.65
0	11.01	1Bee108	44.52	23.01
0	11.01	1Bee107	52.51	24.96
0	11.01	1Bee106	22.78	11.52
0	11.01	1Bee105	14.65	64.54
0	11.01	1Bee104	39.16	11.48
0	11.01	1Bee103	43.00	38.46
0	11.01	1Bee102	40.81	64.45
0	11.01	1Bee101	19.84	19.71
0	11.01	1Bee100	32.74	34.69
0	12.01	4Bee409	205.05	47.51
0	12.01	4Bee408	202.92	37.09
0	12.01	4Bee407	156.96	31.74
0	12.01	4Bee406	174.62	18.60
0	12.01	4Bee405	176.12	42.96
0	12.01	4Bee404	183.99	31.42
0	12.01	4Bee403	148.65	1.50
0	12.01	4Bee402	169.83	0.84
0	12.01	4Bee401	194.46	4.69
0	12.01	4Bee400	157.68	45.32
0	12.01	3Bee309	104.91	49.06
0	12.01	3Bee308	146.47	45.75
0	12.01	3Bee307	125.93	10.62
0	12.01	3Bee306	120.13	48.80
0	12.01	3Bee305	106.02	9.64
0	12.01	3Bee304	139.88	39.96
0	12.01	3Bee303	145.52	1.30
0	12.01	3Bee302	121.98	25.42
0	12.01	3Bee301	104.93	4.84
0	12.01	3Bee300	149.16	26.16
0	12.01	2Bee209	55.74	39.74
0	12.01	2Bee208	80.18	17.50
0	12.01	2Bee207	72.87	36.62
0	12.01	2Bee206	81.21	30.20
0	12.01	2Bee205	93.74	23.27
0	12.01	2Bee204	68.88	34.05
0	12.01	2Bee203	98.85	8.84
0	12.01	2Bee202	78.74	4.88
0	12.01	2Bee201	82.71	28.02
0	12.01	2Bee200	43.83	49.62
0	12.01	1Bee109	24.52	9.76
0	12.01	1Bee108	45.60	24.68
0	12.01	1Bee107	54.50	24.82
0	12.01	1Bee106	21.12	12.62
0	12.01	1Bee105	14.76	66.52
0	12.01	1Bee104	40.93	10.58
0	12.01	1Bee103	44.94	38.91
0	12.01	1Bee102	41.01	66.42
0	12.01	1Bee101	17.89	20.09
0	12.01	1Bee100	34.17	33.30
0	13.01	4Bee409	204.84	46.13
0	13.01	4Bee408	202.50	39.06
0	13.01	4Bee407	156.96	31.67
0	13.01	4Bee406	173.13	19.94
0	13.01	4Bee405	176.84	44.84
0	13.01	4Bee404	183.78	33.42
0	13.01	4Bee403	146.66	1.82
0	13.01	4Bee402	168.49	1.64
0	13.01	4Bee401	196.04	3.45
0	13.01	4Bee400	158.17	43.37
0	13.01	3Bee309	104.91	49.09
0	13.01	3Bee308	148.26	44.84
0	13.01	3Bee307	127.67	11.62
0	13.01	3Bee306	118.12	48.72
0	13.01	3Bee305	106.17	7.64
0	13.01	3Bee304	139.16	41.84
0	13.01	3Bee303	147.48	1.74
0	13.01	3Bee302	121.77	27.42
0	13.01	3Bee301	104.91	4.77
0	13.01	3Bee300	148.52	28.06
0	13.01	2Bee209	53.75	39.42
0	13.01	2Bee208	80.32	15.50
0	13.01	2Bee207	72.32	38.56
0	13.01	2Bee206	82.61	28.75
0	13.01	2Bee205	95.68	22.75
0	13.01	2Bee204	67.07	34.93
0	13.01	2Bee203	98.29	10.77
0	13.01	2Bee202	80.68	5.40
0	13.01	2Bee201	84.32	26.81
0	13.01	2Bee200	41.82	49.66
0	13.01	1Bee109	26.53	9.86
0	13.01	1Bee108	46.70	26.36
0	13.01	1Bee107	56.50	24.68
0	13.01	1Bee106	19.44	13.73
0	13.01	1Bee105	14.86	68.53
0	13.01	1Bee104	42.73	9.67
0	13.01	1Bee103	46.90	39.36
0	13.01	1Bee102	41.22	68.42
0	13.01	1Bee101	15.91	20.47
0	13.01	1Bee100	35.61	31.90
0	14.01	4Bee409	204.56	44.16
0	14.01	4Bee408	202.09	41.00
0	14.01	4Bee407	157.59	30.37
0	14.01	4Bee406	171.65	21.27
0	14.01	4Bee405	177.55	46.69
0	14.01	4Bee404	183.57	35.40
0	14.01	4Bee403	144.70	2.14
0	14.01	4Bee402	166.78	2.66
0	14.01	4Bee401	197.61	2.23
0	14.01	4Bee400	158.64	41.44
0	14.01	3Bee309	104.97	49.12
0	14.01	3Bee308	150.03	43.93
0	14.01	3Bee307	129.39	12.61
0	14.01	3Bee306	116.13	48.64
0	14.01	3Bee305	106.31	5.65
0	14.01	3Bee304	138.45	43.69
0	14.01	3Bee303	149.42	2.18
0	14.01	3Bee302	121.57	29.40
0	14.01	3Bee301	105.30	3.56
0	14.01	3Bee300	147.88	29.94
0	14.01	2Bee209	51.79	39.11
0	14.01	2Bee208	80.46	13.51
0	14.01	2Bee207	71.77	40.47
0	14.01	2Bee206	83.99	27.32
0	14.01	2Bee205	97.60	22.24
0	14.01	2Bee204	65.28	35.80
0	14.01	2Bee203	97.74	12.68
0	14.01	2Bee202	82.60	5.92
0	14.01	2Bee201	85.90	25.62
0	14.01	2Bee200	39.83	49.70
0	14.01	1Bee109	28.52	9.97
0	14.01	1Bee108	47.78	28.03
0	14.01	1Bee107	58.49	24.54
0	14.01	1Bee106	17.79	14.83
0	14.01	1Bee105	14.97	70.52
0	14.01	1Bee104	44.50	8.76
0	14.01	1Bee103	48.84	39.81
0	14.01	1Bee102	41.43	70.40
0	14.01	1Bee101	13.96	20.85
0	14.01	1Bee100	37.03	30.51
0	15.02	4Bee409	204.27	42.16
0	15.02	4Bee408	201.67	42.97
0	15.02	4Bee407	158.47	28.56
0	15.02	4Bee406	170.16	22.62
0	15.02	4Bee405	178.28	48.57
0	15.02	4Bee404	183.36	37.41
0	15.02	4Bee403	142.71	2.46
0	15.02	4Bee402	165.05	3.69
0	15.02	4Bee401	199.19	0.99
0	15.02	4Bee400	159.13	39.49
0	15.02	3Bee309	105.61	48.67
0	15.02	3Bee308	151.82	43.01
0	15.02	3Bee307	131.14	13.61
0	15.02	3Bee306	114.12	48.56
0	15.02	3Bee305	106.46	3.64
0	15.02	3Bee304	137.72	45.57
0	15.02	3Bee303	151.39	2.63
0	15.02	3Bee302	121.36	31.41
0	15.02	3Bee301	105.91	1.64
0	15.02	3Bee300	147.24	31.85
0	15.02	2Bee209	49.80	38.80
0	15.02	2Bee208	80.60	11.50
0	15.02	2Bee207	71.21	42.41
0	15.02	2Bee206	85.39	25.87
0	15.02	2Bee205	99.55	21.72
0	15.02	2Bee204	63.47	36.68
0	15.02	2Bee203	97.18	14.62
0	15.02	2Bee202	84.54	6.44
0	15.02	2Bee201	87.51	24.40
0	15.02	2Bee200	37.81	49.75
0	15.02	1Bee109	30.53	10.07
0	15.02	1Bee108	48.88	29.72
0	15.02	1Bee107	60.50	24.40
0	15.02	1Bee106	16.10	15.94
0	15.02	1Bee105	15.07	72.53
0	15.02	1Bee104	46.29	7.85
0	15.02	1Bee103	50.80	40.26
0	15.02	1Bee102	41.64	72.41
0	15.02	1Bee101	11.98	21.24
0	15.02	1Bee100	38.48	29.10
0	16.01	4Bee409	203.98	40.19
0	16.01	4Bee408	201.26	44.92
0	16.01	4Bee407	159.35	26.77
0	16.01	4Bee406	168.68	23.95
0	16.01	4Bee405	178.47	49.08
0	16.01	4Bee404	183.15	39.39
0	16.01	4Bee403	140.75	2.78
0	16.01	4Bee402	163.34	4.71
0	16.01	4Bee401	199.25	0.96
0	16.01	4Bee400	159.61	37.55
0	16.01	3Bee309	107.22	47.51
0	16.01	3Bee308	153.05	42.38
0	16.01	3Bee307	132.87	14.61
0	16.01	3Bee306	112.13	48.48
0	16.01	3Bee305	106.61	1.66
0	16.01	3Bee304	137.01	47.43
0	16.01	3Bee303	153.03	3.00
0	16.01	3Bee302	121.15	33.39
0	16.01	3Bee301	106.14	0.93
0	16.01	3Bee300	146.60	33.74
0	16.01	2Bee209	47.83	38.48
0	16.01	2Bee208	80.74	9.52
0	16.01	2Bee207	70.66	44.32
0	16.01	2Bee206	86.77	24.44
0	16.01	2Bee205	101.11	21.30
0	16.01	2Bee204	61.68	37.55
0	16.01	2Bee203	96.62	16.53
0	16.01	2Bee202	86.47	6.96
0	16.01	2Bee201	89.10	23.20
0	16.01	2Bee200	35.82	49.79
0	16.01	1Bee109	32.52	10.18
0	16.01	1Bee108	49.96	31.39
0	16.01	1Bee107	62.48	24.26
0	16.01	1Bee106	14.44	17.04
0	16.01	1Bee105	15.18	74.52
0	16.01	1Bee104	48.07	6.94
0	16.01	1Bee103	52.74	40.71
0	16.01	1Bee102	41.85	74.39
0	16.01	1Bee101	10.03	21.62
0	16.01	1Bee100	39.90	27.72
0	17.00	4Bee409	203.69	38.23
0	17.00	4Bee408	200.84	46.86
0	17.00	4Bee407	160.21	24.99
0	17.00	4Bee406	167.20	25.28
0	17.00	4Bee405	178.43	49.13
0	17.00	4Bee404	182.94	41.36
0	17.00	4Bee403	138.79	3.09
0	17.00	4Bee402	161.63	5.72
0	17.00	4Bee401	201.09	1.37
0	17.00	4Bee400	160.09	35.63
0	17.00	3Bee309	108.83	46.35
0	17.00	3Bee308	153.07	42.32
0	17.00	3Bee307	134.59	15.60
0	17.00	3Bee306	110.15	48.41
0	17.00	3Bee305	106.66	0.98
0	17.00	3Bee304	136.38	49.06
0	17.00	3Bee303	153.06	2.98
0	17.00	3Bee302	120.94	35.36
0	17.00	3Bee301	106.30	0.87
0	17.00	3Bee300	145.97	35.62
0	17.00	2Bee209	45.87	38.17
0	17.00	2Bee208	80.88	7.54
0	17.00	2Bee207	70.12	46.23
0	17.00	2Bee206	88.15	23.01
0	17.00	2Bee205	101.14	21.32
0	17.00	2Bee204	59.90	38.42
0	17.00	2Bee203	96.07	18.44
0	17.00	2Bee202	88.38	7.47
0	17.00	2Bee201	90.69	22.01
0	17.00	2Bee200	33.84	49.83
0	17.00	1Bee109	34.50	10.28
0	17.00	1Bee108	51.04	33.05
0	17.00	1Bee107	64.46	24.13
0	17.00	1Bee106	12.79	18.14
0	17.00	1Bee105	15.28	76.50
0	17.00	1Bee104	49.83	6.04
0	17.00	1Bee103	54.67	41.16
0	17.00	1Bee102	42.06	76.36
0	17.00	1Bee101	8.08	22.00
0	17.00	1Bee100	41.33	26.33
0	18.01	4Bee409	203.40	36.23
0	18.01	4Bee408	200.42	48.83
0	18.01	4Bee407	161.10	23.17
0	18.01	4Bee406	165.70	26.63
0	18.01	4Bee405	178.30	49.09
0	18.01	4Bee404	182.73	43.36
0	18.01	4Bee403	136.80	3.41
0	18.01	4Bee402	159.90	6.76
0	18.01	4Bee401	203.06	1.81
0	18.01	4Bee400	160.57	33.67
0	18.01	3Bee309	110.47	45.17
0	18.01	3Bee308	152.67	41.07
0	18.01	3Bee307	136.34	16.60
0	18.01	3Bee306	108.13	48.33
0	18.01	3Bee305	106.60	0.95
0	18.01	3Bee304	136.36	49.08
0	18.01	3Bee303	153.07	2.92
0	18.01	3Bee302	120.73	37.36
0	18.01	3Bee301	107.22	1.36
0	18.01	3Bee300	145.32	37.53
0	18.01	2Bee209	43.88	37.86
0	18.01	2Bee208	81.02	5.53
0	18.01	2Bee207	69.56	48.17
0	18.01	2Bee206	89.55	21.56
0	18.01	2Bee205	101.15	21.35
0	18.01	2Bee204	58.09	39.31
0	18.01	2Bee203	95.51	20.37
0	18.01	2Bee202	90.33	8.00
0	18.01	2Bee201	92.30	20.80
0	18.01	2Bee200	31.82	49.88
0	18.01	1Bee109	36.51	10.39
0	18.01	1Bee108	52.14	34.74
0	18.01	1Bee107	66.47	23.98
0	18.01	1Bee106	11.11	19.25
0	18.01	1Bee105	15.39	78.51
0	18.01	1Bee104	51.63	5.13
0	18.01	1Bee103	56.64	41.61
0	18.01	1Bee102	42.27	78.36
0	18.01	1Bee101	6.10	22.38
0	18.01	1Bee100	42.77	24.92
0	19.01	4Bee409	203.12	34.27
0	19.01	4Bee408	200.38	49.03
0	19.01	4Bee407	161.97	21.38
0	19.01	4Bee406	164.23	27.96
0	19.01	4Bee405	176.43	48.41
0	19.01	4Bee404	182.53	45.34
0	19.01	4Bee403	134.83	3.73
0	19.01	4Bee402	158.19	7.77
0	19.01	4Bee401	205.00	2.25
0	19.01	4Bee400	161.05	31.74
0	19.01	3Bee309	112.08	44.01
0	19.01	3Bee308	152.06	39.17
0	19.01	3Bee307	138.06	17.59
0	19.01	3Bee306	106.15	48.25
0	19.01	3Bee305	106.23	1.13
0	19.01	3Bee304	136.21	49.03
0	19.01	3Bee303	152.65	1.63
0	19.01	3Bee302	120.52	39.34
0	19.01	3Bee301	108.96	2.31
0	19.01	3Bee300	144.68	39.41
0	19.01	2Bee209	41.92	37.55
0	19.01	2Bee208	81.15	3.54
0	19.01	2Bee207	69.08	49.85
0	19.01	2Bee206	90.93	20.13
0	19.01	2Bee205	100.70	22.29
0	19.01	2Bee204	56.30	40.18
0	19.01	2Bee203	94.95	22.28
0	19.01	2Bee202	92.25	8.51
0	19.01	2Bee201	93.89	19.60
0	19.01	2Bee200	29.84	49.92
0	19.01	1Bee109	38.50	10.49
0	19.01	1Bee108	53.22	36.41
0	19.01	1Bee107	68.46	23.85
0	19.01	1Bee106	9.45	20.35
0	19.01	1Bee105	15.49	80.50
0	19.01	1Bee104	53.40	4.23
0	19.01	1Bee103	58.57	42.06
0	19.01	1Bee102	42.48	80.34
0	19.01	1Bee101	4.15	22.76
0	19.01	1Bee100	44.20	23.54
0	20.00	4Bee409	202.83	32.30
0	20.00	4Bee408	200.25	49.04
0	20.00	4Bee407	162.84	19.59
0	20.00	4Bee406	162.75	29.29
0	20.00	4Bee405	174.56	47.72
0	20.00	4Bee404	182.32	47.32
0	20.00	4Bee403	132.87	4.05
0	20.00	4Bee402	156.97	8.50
0	20.00	4Bee401	205.03	2.25
0	20.00	4Bee400	161.53	29.81
0	20.00	3Bee309	113.70	42.84
0	20.00	3Bee308	151.45	37.28
0	20.00	3Bee307	139.79	18.58
0	20.00	3Bee306	105.00	48.20
0	20.00	3Bee305	104.97	1.77
0	20.00	3Bee304	134.52	47.97
0	20.00	3Bee303	152.41	0.93
0	20.00	3Bee302	120.31	41.32
0	20.00	3Bee301	110.71	3.26
0	20.00	3Bee300	144.05	41.30
0	20.00	2Bee209	39.95	37.24
0	20.00	2Bee208	81.29	1.56
0	20.00	2Bee207	69.10	49.88
0	20.00	2Bee206	92.31	18.70
0	20.00	2Bee205	99.82	24.08
0	20.00	2Bee204	54.51	41.05
0	20.00	2Bee203	94.40	24.19
0	20.00	2Bee202	94.17	9.03
0	20.00	2Bee201	95.48	18.40
0	20.00	2Bee200	27.85	49.96
0	20.00	1Bee109	40.49	10.60
0	20.00	1Bee108	54.31	38.08
0	20.00	1Bee107	70.44	23.71
0	20.00	1Bee106	7.79	21.45
0	20.00	1Bee105	15.60	82.49
0	20.00	1Bee104	55.18	3.32
0	20.00	1Bee103	60.51	42.51
0	20.00	1Bee102	42.68	82.32
0	20.00	1Bee101	2.19	23.14
0	20.00	1Bee100	45.62	22.15
0	21.01	4Bee409	202.54	30.30
0	21.01	4Bee408	198.29	48.58
0	21.01	4Bee407	163.72	17.78
0	21.01	4Bee406	161.25	30.64
0	21.01	4Bee405	172.67	47.02
0	21.01	4Bee404	182.14	49.03
0	21.01	4Bee403	130.88	4.37
0	21.01	4Bee402	156.93	8.59
0	21.01	4Bee401	205.07	2.20
0	21.01	4Bee400	162.02	27.85
0	21.01	3Bee309	115.33	41.66
0	21.01	3Bee308	150.83	35.36
0	21.01	3Bee307	141.54	19.59
0	21.01	3Bee306	104.96	48.15
0	21.01	3Bee305	104.95	1.83
0	21.01	3Bee304	132.80	46.91
0	21.01	3Bee303	152.43	0.90
0	21.01	3Bee302	120.10	43.33
0	21.01	3Bee301	112.48	4.23
0	21.01	3Bee300	143.40	43.21
0	21.01	2Bee209	37.96	36.92
0	21.01	2Bee208	81.34	0.95
0	21.01	2Bee207	69.16	49.89
0	21.01	2Bee206	93.72	17.24
0	21.01	2Bee205	98.94	25.89
0	21.01	2Bee204	52.70	41.94
0	21.01	2Bee203	93.84	26.13
0	21.01	2Bee202	96.12	9.55
0	21.01	2Bee201	97.09	17.19
0	21.01	2Bee200	25.83	50.01
0	21.01	1Bee109	42.50	10.70
0	21.01	1Bee108	55.41	39.77
0	21.01	1Bee107	72.46	23.57
0	21.01	1Bee106	6.11	22.56
0	21.01	1Bee105	15.70	84.50
0	21.01	1Bee104	56.98	2.41
0	21.01	1Bee103	62.48	42.96
0	21.01	1Bee102	42.90	84.33
0	21.01	1Bee101	0.21	23.53
0	21.01	1Bee100	47.07	20.74
0	22.00	4Bee409	202.25	28.34
0	22.00	4Bee408	196.36	48.13
0	22.00	4Bee407	164.59	16.00
0	22.00	4Bee406	159.77	31.97
0	22.00	4Bee405	170.81	46.34
0	22.00	4Bee404	182.11	49.05
0	22.00	4Bee403	128.92	4.69
0	22.00	4Bee402	157.26	10.21
0	22.00	4Bee401	204.75	1.21
0	22.00	4Bee400	162.49	25.93
0	22.00	3Bee309	116.94	40.50
0	22.00	3Bee308	150.23	33.47
0	22.00	3Bee307	143.25	20.58
0	22.00	3Bee306	105.11	47.43
0	22.00	3Bee305	105.33	3.05
0	22.00	3Bee304	131.12	45.86
0	22.00	3Bee303	152.50	0.88
0	22.00	3Bee302	119.89	45.30
0	22.00	3Bee301	114.22	5.18
0	22.00	3Bee300	142.77	45.09
0	22.00	2Bee209	36.00	36.61
0	22.00	2Bee208	81.28	0.92
0	22.00	2Bee207	70.40	49.56
0	22.00	2Bee206	95.09	15.82
0	22.00	2Bee205	98.06	27.67
0	22.00	2Bee204	50.91	42.81
0	22.00	2Bee203	93.29	28.04
0	22.00	2Bee202	98.04	10.07
0	22.00	2Bee201	98.67	15.99
0	22.00	2Bee200	23.85	50.05
0	22.00	1Bee109	44.48	10.80
0	22.00	1Bee108	56.49	41.44
0	22.00	1Bee107	74.43	23.43
0	22.00	1Bee106	4.46	23.66
0	22.00	1Bee105	15.80	86.48
0	22.00	1Bee104	58.74	1.51
0	22.00	1Bee103	64.41	43.41
0	22.00	1Bee102	43.10	86.30
0	22.00	1Bee101	-1.73	23.90
0	22.00	1Bee100	48.49	19.36
0	23.01	4Bee409	201.96	26.34
0	23.01	4Bee408	194.38	47.68
0	23.01	4Bee407	165.48	14.18
0	23.01	4Bee406	158.27	33.32
0	23.01	4Bee405	168.91	45.64
0	23.01	4Bee404	181.88	48.99
0	23.01	4Bee403	126.92	5.01
0	23.01	4Bee402	157.66	12.19
0	23.01	4Bee401	204.65	0.93
0	23.01	4Bee400	162.98	23.96
0	23.01	3Bee309	118.58	39.32
0	23.01	3Bee308	149.60	31.54
0	23.01	3Bee307	145.01	21.59
0	23.01	3Bee306	105.57	45.46
0	23.01	3Bee305	105.94	4.98
0	23.01	3Bee304	129.41	44.78
0	23.01	3Bee303	153.07	1.15
0	23.01	3Bee302	119.68	47.31
0	23.01	3Bee301	116.00	6.15
0	23.01	3Bee300	142.12	47.01
0	23.01	2Bee209	34.00	36.29
0	23.01	2Bee208	79.97	1.08
0	23.01	2Bee207	72.35	49.03
0	23.01	2Bee206	96.50	14.36
0	23.01	2Bee205	97.17	29.49
0	23.01	2Bee204	49.10	43.69
0	23.01	2Bee203	92.72	29.98
0	23.01	2Bee202	99.99	10.59
0	23.01	2Bee201	100.29	14.78
0	23.01	2Bee200	21.82	50.09
0	23.01	1Bee109	46.50	10.91
0	23.01	1Bee108	57.59	43.13
0	23.01	1Bee107	76.45	23.29
0	23.01	1Bee106	2.77	24.78
0	23.01	1Bee105	15.91	88.50
0	23.01	1Bee104	59.94	0.89
0	23.01	1Bee103	66.38	43.86
0	23.01	1Bee102	43.31	88.31
0	23.01	1Bee101	-3.72	24.29
0	23.01	1Bee100	49.94	17.95
0	24.01	4Bee409	201.67	24.37
0	24.01	4Bee408	192.44	47.23
0	24.01	4Bee407	166.35	12.39
0	24.01	4Bee406	156.99	34.48
0	24.01	4Bee405	167.04	44.95
0	24.01	4Bee404	179.98	48.41
0	24.01	4Bee403	124.95	5.33
0	24.01	4Bee402	158.05	14.14
0	24.01	4Bee401	204.59	0.91
0	24.01	4Bee400	163.46	22.03
0	24.01	3Bee309	120.20	38.16
0	24.01	3Bee308	148.99	29.65
0	24.01	3Bee307	146.74	22.58
0	24.01	3Bee306	106.03	43.52
0	24.01	3Bee305	106.54	6.88
0	24.01	3Bee304	127.72	43.73
0	24.01	3Bee303	153.08	1.18
0	24.01	3Bee302	119.50	49.03
0	24.01	3Bee301	117.74	7.10
0	24.01	3Bee300	141.48	48.90
0	24.01	2Bee209	32.04	35.98
0	24.01	2Bee208	78.00	1.32
0	24.01	2Bee207	74.27	48.50
0	24.01	2Bee206	97.88	12.93
0	24.01	2Bee205	96.30	31.28
0	24.01	2Bee204	47.31	44.57
0	24.01	2Bee203	92.17	31.89
0	24.01	2Bee202	101.91	11.11
0	24.01	2Bee201	101.88	13.58
0	24.01	2Bee200	19.83	50.14
0	24.01	1Bee109	48.49	11.01
0	24.01	1Bee108	58.67	44.80
0	24.01	1Bee107	78.44	23.15
0	24.01	1Bee106	1.11	25.88
0	24.01	1Bee105	16.01	90.49
0	24.01	1Bee104	60.96	1.13
0	24.01	1Bee103	68.32	44.31
0	24.01	1Bee102	43.52	90.29
0	24.01	1Bee101	-5.67	24.67
0	24.01	1Bee100	51.37	16.56
0	25.00	4Bee409	201.39	22.40
0	25.00	4Bee408	190.51	46.78
0	25.00	4Bee407	167.22	10.60
0	25.00	4Bee406	156.99	34.71
0	25.00	4Bee405	165.18	44.27
0	25.00	4Bee404	178.08	47.83
0	25.00	4Bee403	123.00	5.64
0	25.00	4Bee402	158.44	16.09
0	25.00	4Bee401	202.72	1.59
0	25.00	4Bee400	163.94	20.10
0	25.00	3Bee309	121.81	37.00
0	25.00	3Bee308	148.39	27.76
0	25.00	3Bee307	148.46	23.57
0	25.00	3Bee306	106.48	41.59
0	25.00	3Bee305	107.14	8.77
0	25.00	3Bee304	126.03	42.68
0	25.00	3Bee303	152.60	3.11
0	25.00	3Bee302	119.45	49.06
0	25.00	3Bee301	119.49	8.05
0	25.00	3Bee300	141.43	49.06
0	25.00	2Bee209	30.07	35.67
0	25.00	2Bee208	76.03	1.55
0	25.00	2Bee207	76.18	47.98
0	25.00	2Bee206	99.26	11.50
0	25.00	2Bee205	95.43	33.06
0	25.00	2Bee204	45.52	45.44
0	25.00	2Bee203	91.61	33.80
0	25.00	2Bee202	102.21	11.19
0	25.00	2Bee201	102.32	13.06
0	25.00	2Bee200	17.85	50.18
0	25.00	1Bee109	50.47	11.12
0	25.00	1Bee108	59.75	46.47
0	25.00	1Bee107	80.42	23.01
0	25.00	1Bee106	-0.55	26.97
0	25.00	1Bee105	16.12	92.47
0	25.00	1Bee104	62.89	1.59
0	25.00	1Bee103	70.26	44.76
0	25.00	1Bee102	43.73	92.27
0	25.00	1Bee101	-7.62	25.05
0	25.00	1Bee100	52.79	15.18
0	26.01	4Bee409	201.10	20.40
0	26.01	4Bee408	188.54	46.33
0	26.01	4Bee407	168.10	8.78
0	26.01	4Bee406	157.07	36.73
0	26.01	4Bee405	163.28	43.57
0	26.01	4Bee404	176.15	47.23
0	26.01	4Bee403	121.00	5.97
0	26.01	4Bee402	158.84	18.07
0	26.01	4Bee401	200.82	2.27
0	26.01	4Bee400	164.43	18.14
0	26.01	3Bee309	123.45	35.81
0	26.01	3Bee308	147.77	25.83
0	26.01	3Bee307	150.21	24.58
0	26.01	3Bee306	106.94	39.62
0	26.01	3Bee305	107.75	10.70
0	26.01	3Bee304	124.32	41.61
0	26.01	3Bee303	152.11	5.07
0	26.01	3Bee302	119.28	49.02
0	26.01	3Bee301	121.26	9.02
0	26.01	3Bee300	141.48	49.10
0	26.01	2Bee209	28.08	35.35
0	26.01	2Bee208	74.02	1.80
0	26.01	2Bee207	78.14	47.45
0	26.01	2Bee206	100.67	10.05
0	26.01	2Bee205	94.53	34.88
0	26.01	2Bee204	43.70	46.32
0	26.01	2Bee203	91.05	35.74
0	26.01	2Bee202	102.45	10.80
0	26.01	2Bee201	102.37	11.78
0	26.01	2Bee200	15.82	50.22
0	26.01	1Bee109	52.49	11.22
0	26.01	1Bee108	60.86	48.17
0	26.01	1Bee107	82.44	22.87
0	26.01	1Bee106	-2.23	28.09
0	26.01	1Bee105	16.22	94.49
0	26.01	1Bee104	64.86	2.06
0	26.01	1Bee103	72.23	45.21
0	26.01	1Bee102	43.94	94.28
0	26.01	1Bee101	-9.61	25.43
0	26.01	1Bee100	54.24	13.76
0	27.01	4Bee409	200.81	18.42
0	27.01	4Bee408	186.60	45.88
0	27.01	4Bee407	168.98	6.99
0	27.01	4Bee406	157.16	38.72
0	27.01	4Bee405	161.41	42.88
0	27.01	4Bee404	174.24	46.65
0	27.01	4Bee403	119.03	6.29
0	27.01	4Bee402	159.23	20.03
0	27.01	4Bee401	198.94	2.94
0	27.01	4Bee400	164.91	16.20
0	27.01	3Bee309	125.07	34.65
0	27.01	3Bee308	147.15	23.93
0	27.01	3Bee307	151.94	25.57
0	27.01	3Bee306	107.39	37.67
0	27.01	3Bee305	108.35	12.60
0	27.01	3Bee304	122.62	40.55
0	27.01	3Bee303	151.63	7.01
0	27.01	3Bee302	117.38	48.44
0	27.01	3Bee301	123.01	9.98
0	27.01	3Bee300	141.95	48.91
0	27.01	2Bee209	26.11	35.04
0	27.01	2Bee208	72.04	2.04
0	27.01	2Bee207	80.06	46.93
0	27.01	2Bee206	102.05	8.61
0	27.01	2Bee205	93.66	36.67
0	27.01	2Bee204	41.91	47.20
0	27.01	2Bee203	90.50	37.66
0	27.01	2Bee202	103.27	8.99
0	27.01	2Bee201	102.46	9.79
0	27.01	2Bee200	13.83	50.27
0	27.01	1Bee109	54.49	11.33
0	27.01	1Bee108	61.94	49.84
0	27.01	1Bee107	84.43	22.73
0	27.01	1Bee106	-3.90	29.19
0	27.01	1Bee105	16.33	96.49
0	27.01	1Bee104	66.80	2.53
0	27.01	1Bee103	74.17	45.66
0	27.01	1Bee102	44.15	96.26
0	27.01	1Bee101	-11.57	25.82
0	27.01	1Bee100	55.67	12.37
0	28.01	4Bee409	200.52	16.46
0	28.01	4Bee408	184.66	45.43
0	28.01	4Bee407	169.85	5.20
0	28.01	4Bee406	157.24	40.71
0	28.01	4Bee405	159.54	42.19
0	28.01	4Bee404	172.33	46.07
0	28.01	4Bee403	117.06	6.60
0	28.01	4Bee402	159.63	21.98
0	28.01	4Bee401	197.07	3.62
0	28.01	4Bee400	165.39	14.27
0	28.01	3Bee309	126.68	33.48
0	28.01	3Bee308	146.54	22.04
0	28.01	3Bee307	153.02	26.19
0	28.01	3Bee306	107.85	35.74
0	28.01	3Bee305	108.95	14.50
0	28.01	3Bee304	120.94	39.50
0	28.01	3Bee303	151.15	8.94
0	28.01	3Bee302	115.48	47.86
0	28.01	3Bee301	124.76	10.93
0	28.01	3Bee300	143.79	48.15
0	28.01	2Bee209	24.14	34.73
0	28.01	2Bee208	70.06	2.28
0	28.01	2Bee207	81.98	46.40
0	28.01	2Bee206	103.44	7.18
0	28.01	2Bee205	92.78	38.46
0	28.01	2Bee204	40.12	48.07
0	28.01	2Bee203	89.94	39.57
0	28.01	2Bee202	104.09	7.17
0	28.01	2Bee201	102.54	7.80
0	28.01	2Bee200	11.84	50.31
0	28.01	1Bee109	56.47	11.43
0	28.01	1Bee108	62.20	50.10
0	28.01	1Bee107	86.41	22.59
0	28.01	1Bee106	-5.56	30.29
0	28.01	1Bee105	16.43	98.47
0	28.01	1Bee104	68.73	2.99
0	28.01	1Bee103	76.11	46.11
0	28.01	1Bee102	44.36	98.24
0	28.01	1Bee101	-13.52	26.20
0	28.01	1Bee100	57.10	10.98
0	29.00	4Bee409	200.23	14.48
0	29.00	4Bee408	182.71	44.98
0	29.00	4Bee407	170.72	3.40
0	29.00	4Bee406	157.33	42.71
0	29.00	4Bee405	157.66	41.50
0	29.00	4Bee404	170.42	45.49
0	29.00	4Bee403	115.09	6.92
0	29.00	4Bee402	160.02	23.94
0	29.00	4Bee401	195.18	4.29
0	29.00	4Bee400	165.87	12.33
0	29.00	3Bee309	128.31	32.32
0	29.00	3Bee308	145.93	20.14
0	29.00	3Bee307	153.07	26.31
0	29.00	3Bee306	108.30	33.79
0	29.00	3Bee305	109.55	16.40
0	29.00	3Bee304	119.24	38.44
0	29.00	3Bee303	150.66	10.88
0	29.00	3Bee302	113.57	47.27
0	29.00	3Bee301	126.51	11.89
0	29.00	3Bee300	145.63	47.38
0	29.00	2Bee209	22.17	34.42
0	29.00	2Bee208	68.08	2.52
0	29.00	2Bee207	83.91	45.88
0	29.00	2Bee206	104.82	5.74
0	29.00	2Bee205	91.90	40.25
0	29.00	2Bee204	38.33	48.95
0	29.00	2Bee203	89.38	41.49
0	29.00	2Bee202	104.91	5.35
0	29.00	2Bee201	102.62	5.80
0	29.00	2Bee200	9.84	50.35
0	29.00	1Bee109	58.47	11.54
0	29.00	1Bee108	62.95	49.93
0	29.00	1Bee107	88.41	22.45
0	29.00	1Bee106	-7.22	31.39
0	29.00	1Bee105	16.54	100.47
0	29.00	1Bee104	70.68	3.46
0	29.00	1Bee103	78.06	46.56
0	29.00	1Bee102	44.57	100.23
0	29.00	1Bee101	-15.48	26.58
0	29.00	1Bee100	58.53	9.59
