Run	Time	Name	X pos	Y pos

0	0.00	Bee09	22.50	9.50
0	0.00	Bee08	32.50	11.50
0	0.00	Bee01	19.50	16.50
0	0.00	Bee07	45.50	23.50
0	0.00	Bee06	33.50	34.50
0	0.00	Bee03	1.50	1.50
0	0.00	Bee04	39.50	19.50
0	0.00	Bee05	41.50	7.50
0	0.00	Bee02	16.50	18.50
0	0.00	Bee00	3.50	4.50
0	1.01	Bee09	20.60	10.27
0	1.01	Bee08	30.86	10.27
0	1.01	Bee01	21.54	16.25
0	1.01	Bee07	46.85	21.95
0	1.01	Bee06	34.65	32.80
0	1.01	Bee03	3.51	1.11
0	1.01	Bee04	39.68	17.46
0	1.01	Bee05	40.02	8.93
0	1.01	Bee02	15.90	20.46
0	1.01	Bee00	1.78	3.38
0	2.00	Bee09	18.75	11.02
0	2.00	Bee08	29.27	9.07
0	2.00	Bee01	23.51	16.01
0	2.00	Bee07	48.15	20.45
0	2.00	Bee06	35.76	31.15
0	2.00	Bee03	4.68	1.10
0	2.00	Bee04	39.85	15.47
0	2.00	Bee05	38.59	10.31
0	2.00	Bee02	15.32	22.37
0	2.00	Bee00	0.99	2.87
0	3.01	Bee09	16.88	11.77
0	3.01	Bee08	27.66	7.85
0	3.01	Bee01	25.52	15.76
0	3.01	Bee07	49.02	19.46
0	3.01	Bee06	36.89	29.47
0	3.01	Bee03	6.67	1.42
0	3.01	Bee04	40.03	13.46
0	3.01	Bee05	37.14	11.71
0	3.01	Bee02	14.73	24.30
0	3.01	Bee00	0.99	2.65
0	4.00	Bee09	15.04	12.51
0	4.00	Bee08	26.07	6.66
0	4.00	Bee01	27.49	15.52
0	4.00	Bee07	48.92	18.79
0	4.00	Bee06	38.00	27.83
0	4.00	Bee03	8.63	1.74
0	4.00	Bee04	40.20	11.48
0	4.00	Bee05	35.71	13.09
0	4.00	Bee02	14.15	26.20
0	4.00	Bee00	1.40	0.94
0	5.01	Bee09	13.17	13.27
0	5.01	Bee08	24.46	5.44
0	5.01	Bee01	29.49	15.27
0	5.01	Bee07	48.59	16.81
0	5.01	Bee06	39.13	26.16
0	5.01	Bee03	10.62	2.07
0	5.01	Bee04	40.38	9.48
0	5.01	Bee05	34.26	14.49
0	5.01	Bee02	13.56	28.12
0	5.01	Bee00	1.38	0.92
0	6.00	Bee09	11.33	14.01
0	6.00	Bee08	22.88	4.25
0	6.00	Bee01	31.46	15.03
0	6.00	Bee07	48.26	14.85
0	6.00	Bee06	40.24	24.51
0	6.00	Bee03	12.58	2.38
0	6.00	Bee04	40.55	7.50
0	6.00	Bee05	32.83	15.87
0	6.00	Bee02	12.98	30.02
0	6.00	Bee00	1.32	0.90
0	7.02	Bee09	9.45	14.77
0	7.02	Bee08	21.26	3.03
0	7.02	Bee01	32.56	14.65
0	7.02	Bee07	47.93	12.85
0	7.02	Bee06	41.37	22.83
0	7.02	Bee03	14.58	2.71
0	7.02	Bee04	40.73	5.48
0	7.02	Bee05	31.38	17.28
0	7.02	Bee02	12.39	31.96
0	7.02	Bee00	0.93	1.02
0	8.01	Bee09	7.61	15.52
0	8.01	Bee08	19.67	1.83
0	8.01	Bee01	34.33	13.74
0	8.01	Bee07	47.60	10.89
0	8.01	Bee06	42.48	21.18
0	8.01	Bee03	16.54	3.03
0	8.01	Bee04	40.90	3.50
0	8.01	Bee05	29.94	18.66
0	8.01	Bee02	11.80	33.86
0	8.01	Bee00	0.92	1.09
0	9.00	Bee09	5.77	16.26
0	9.00	Bee08	18.52	0.96
0	9.00	Bee01	36.09	12.83
0	9.00	Bee07	47.27	8.93
0	9.00	Bee06	43.59	19.54
0	9.00	Bee03	18.50	3.35
0	9.00	Bee04	41.07	1.52
0	9.00	Bee05	28.52	20.04
0	9.00	Bee02	11.22	35.76
0	9.00	Bee00	1.29	2.21
0	10.01	Bee09	3.89	17.02
0	10.01	Bee08	17.99	1.08
0	10.01	Bee01	37.89	11.91
0	10.01	Bee07	46.94	6.94
0	10.01	Bee06	44.72	17.86
0	10.01	Bee03	20.49	3.67
0	10.01	Bee04	41.12	0.98
0	10.01	Bee05	27.06	21.44
0	10.01	Bee02	10.63	37.69
0	10.01	Bee00	1.92	4.13
0	11.01	Bee09	2.05	17.76
0	11.01	Bee08	16.06	1.54
0	11.01	Bee01	39.66	11.00
0	11.01	Bee07	46.62	4.97
0	11.01	Bee06	45.83	16.21
0	11.01	Bee03	22.46	3.99
0	11.01	Bee04	41.06	0.95
0	11.01	Bee05	25.63	22.82
0	11.01	Bee02	10.05	39.59
0	11.01	Bee00	2.54	6.02
0	12.00	Bee09	0.93	18.22
0	12.00	Bee08	14.13	2.01
0	12.00	Bee01	41.42	10.09
0	12.00	Bee07	46.29	3.02
0	12.00	Bee06	46.94	14.57
0	12.00	Bee03	24.41	4.31
0	12.00	Bee04	40.58	1.18
0	12.00	Bee05	24.21	24.20
0	12.00	Bee02	9.47	41.49
0	12.00	Bee00	3.16	7.90
