Run	Time	Name	X pos	Y pos

0	0.00	Bee09	22.50	9.50
0	0.00	Bee08	32.50	11.50
0	0.00	Bee01	19.50	16.50
0	0.00	Bee07	45.50	23.50
0	0.00	Bee06	33.50	34.50
0	0.00	Bee03	1.50	1.50
0	0.00	Bee04	39.50	19.50
0	0.00	Bee05	41.50	7.50
0	0.00	Bee02	16.50	18.50
0	0.00	Bee00	3.50	4.50
0	1.02	Bee09	20.58	10.28
0	1.02	Bee08	30.85	10.25
0	1.02	Bee01	21.56	16.25
0	1.02	Bee07	46.86	21.94
0	1.02	Bee06	34.66	32.78
0	1.02	Bee03	3.53	1.10
0	1.02	Bee04	39.68	17.44
0	1.02	Bee05	40.01	8.94
0	1.02	Bee02	15.89	20.48
0	1.02	Bee00	1.76	3.37
0	2.01	Bee09	18.73	11.02
0	2.01	Bee08	29.25	9.05
0	2.01	Bee01	23.54	16.00
0	2.01	Bee07	48.17	20.43
0	2.01	Bee06	35.77	31.13
0	2.01	Bee03	4.69	1.09
0	2.01	Bee04	39.85	15.45
0	2.01	Bee05	38.57	10.33
0	2.01	Bee02	15.31	22.39
0	2.01	Bee00	0.99	2.87
0	3.04	Bee09	16.91	11.76
0	3.04	Bee08	27.68	7.87
0	3.04	Bee01	25.49	15.76
0	3.04	Bee07	49.03	19.44
0	3.04	Bee06	36.87	29.50
0	3.04	Bee03	6.63	1.42
0	3.04	Bee04	40.03	13.49
0	3.04	Bee05	37.16	11.69
0	3.04	Bee02	14.74	24.27
0	3.04	Bee00	0.94	2.75
0	4.01	Bee09	15.02	12.52
0	4.01	Bee08	26.06	6.65
0	4.01	Bee01	27.50	15.52
0	4.01	Bee07	48.93	18.77
0	4.01	Bee06	38.01	27.81
0	4.01	Bee03	8.63	1.75
0	4.01	Bee04	40.20	11.47
0	4.01	Bee05	35.70	13.10
0	4.01	Bee02	14.14	26.21
0	4.01	Bee00	1.44	0.95
0	5.00	Bee09	13.18	13.26
0	5.00	Bee08	24.47	5.45
0	5.00	Bee01	29.47	15.28
0	5.00	Bee07	48.62	16.81
0	5.00	Bee06	39.12	26.17
0	5.00	Bee03	10.59	2.08
0	5.00	Bee04	40.38	9.49
0	5.00	Bee05	34.27	14.48
0	5.00	Bee02	13.56	28.11
0	5.00	Bee00	1.43	0.92
0	6.02	Bee09	11.31	14.02
0	6.02	Bee08	22.86	4.24
0	6.02	Bee01	31.48	15.03
0	6.02	Bee07	48.29	14.82
0	6.02	Bee06	40.25	24.49
0	6.02	Bee03	12.58	2.42
0	6.02	Bee04	40.55	7.48
0	6.02	Bee05	32.82	15.88
0	6.02	Bee02	12.97	30.04
0	6.02	Bee00	1.36	0.91
0	7.00	Bee09	9.47	14.76
0	7.00	Bee08	21.28	3.05
0	7.00	Bee01	32.55	14.67
0	7.00	Bee07	47.98	12.87
0	7.00	Bee06	41.36	22.85
0	7.00	Bee03	14.54	2.74
0	7.00	Bee04	40.72	5.50
0	7.00	Bee05	31.39	17.26
0	7.00	Bee02	12.39	31.94
0	7.00	Bee00	0.94	1.02
0	8.01	Bee09	7.62	15.51
0	8.01	Bee08	19.68	1.84
0	8.01	Bee01	34.33	13.75
0	8.01	Bee07	47.65	10.89
0	8.01	Bee06	42.48	21.19
0	8.01	Bee03	16.51	3.07
0	8.01	Bee04	40.90	3.51
0	8.01	Bee05	29.95	18.65
0	8.01	Bee02	11.81	33.85
0	8.01	Bee00	0.93	1.05
0	9.00	Bee09	5.77	16.26
0	9.00	Bee08	18.52	0.97
0	9.00	Bee01	36.10	12.85
0	9.00	Bee07	47.34	8.92
0	9.00	Bee06	43.59	19.54
0	9.00	Bee03	18.48	3.40
0	9.00	Bee04	41.07	1.52
0	9.00	Bee05	28.52	20.03
0	9.00	Bee02	11.22	35.76
0	9.00	Bee00	1.23	2.09
0	10.01	Bee09	3.90	17.01
0	10.01	Bee08	18.00	1.08
0	10.01	Bee01	37.90	11.93
0	10.01	Bee07	47.01	6.93
0	10.01	Bee06	44.72	17.87
0	10.01	Bee03	20.46	3.73
0	10.01	Bee04	41.12	0.99
0	10.01	Bee05	27.07	21.43
0	10.01	Bee02	10.64	37.68
0	10.01	Bee00	1.81	4.02
0	11.00	Bee09	2.06	17.76
0	11.00	Bee08	16.06	1.54
0	11.00	Bee01	39.67	11.03
0	11.00	Bee07	46.69	4.97
0	11.00	Bee06	45.83	16.22
0	11.00	Bee03	22.42	4.06
0	11.00	Bee04	41.21	0.95
0	11.00	Bee05	25.64	22.82
0	11.00	Bee02	10.05	39.58
0	11.00	Bee00	2.38	5.92
