Run	Time	Name	X pos	Y pos

0	0.00	Bee09	22.50	9.50
0	0.00	Bee08	32.50	11.50
0	0.00	Bee01	19.50	16.50
0	0.00	Bee07	45.50	23.50
0	0.00	Bee06	33.50	34.50
0	0.00	Bee03	1.50	1.50
0	0.00	Bee04	39.50	19.50
0	0.00	Bee05	41.50	7.50
0	0.00	Bee02	16.50	18.50
0	0.00	Bee00	3.50	4.50
0	1.00	Bee09	20.60	10.27
0	1.00	Bee08	30.87	10.27
0	1.00	Bee01	21.53	16.25
0	1.00	Bee07	46.84	21.96
0	1.00	Bee06	34.64	32.80
0	1.00	Bee03	3.51	1.11
0	1.00	Bee04	39.68	17.46
0	1.00	Bee05	40.03	8.92
0	1.00	Bee02	15.90	20.46
0	1.00	Bee00	1.78	3.39
0	2.01	Bee09	18.73	11.02
0	2.01	Bee08	29.26	9.06
0	2.01	Bee01	23.53	16.01
0	2.01	Bee07	48.16	20.43
0	2.01	Bee06	35.77	31.13
0	2.01	Bee03	4.70	1.09
0	2.01	Bee04	39.85	15.45
0	2.01	Bee05	38.58	10.32
0	2.01	Bee02	15.31	22.38
0	2.01	Bee00	0.97	2.85
0	3.00	Bee09	16.89	11.76
0	3.00	Bee08	27.67	7.86
0	3.00	Bee01	25.50	15.76
0	3.00	Bee07	49.03	19.44
0	3.00	Bee06	36.88	29.49
0	3.00	Bee03	6.66	1.40
0	3.00	Bee04	40.03	13.48
0	3.00	Bee05	37.15	11.70
0	3.00	Bee02	14.73	24.28
0	3.00	Bee00	0.98	2.66
0	4.01	Bee09	15.03	12.52
0	4.01	Bee08	26.07	6.65
0	4.01	Bee01	27.50	15.52
0	4.01	Bee07	48.93	18.78
0	4.01	Bee06	38.00	27.82
0	4.01	Bee03	8.65	1.72
0	4.01	Bee04	40.20	11.47
0	4.01	Bee05	35.70	13.10
0	4.01	Bee02	14.14	26.20
0	4.01	Bee00	1.39	0.96
0	5.01	Bee09	13.17	13.27
0	5.01	Bee08	24.47	5.45
0	5.01	Bee01	29.48	15.27
0	5.01	Bee07	48.61	16.81
0	5.01	Bee06	39.12	26.16
0	5.01	Bee03	10.62	2.04
0	5.01	Bee04	40.38	9.48
0	5.01	Bee05	34.27	14.49
0	5.01	Bee02	13.56	28.12
0	5.01	Bee00	1.42	0.95
0	6.01	Bee09	11.32	14.02
0	6.01	Bee08	22.87	4.24
0	6.01	Bee01	31.47	15.03
0	6.01	Bee07	48.28	14.83
0	6.01	Bee06	40.24	24.50
0	6.01	Bee03	12.60	2.35
0	6.01	Bee04	40.55	7.49
0	6.01	Bee05	32.83	15.88
0	6.01	Bee02	12.97	30.03
0	6.01	Bee00	1.97	1.09
0	7.01	Bee09	9.46	14.77
0	7.01	Bee08	21.27	3.04
0	7.01	Bee01	32.56	14.66
0	7.01	Bee07	47.96	12.86
0	7.01	Bee06	41.36	22.84
0	7.01	Bee03	14.57	2.67
0	7.01	Bee04	40.73	5.49
0	7.01	Bee05	31.39	17.27
0	7.01	Bee02	12.39	31.95
0	7.01	Bee00	3.90	1.61
0	8.00	Bee09	7.62	15.51
0	8.00	Bee08	19.68	1.84
0	8.00	Bee01	34.32	13.76
0	8.00	Bee07	47.64	10.90
0	8.00	Bee06	42.47	21.20
0	8.00	Bee03	16.54	2.99
0	8.00	Bee04	40.90	3.51
0	8.00	Bee05	29.96	18.65
0	8.00	Bee02	11.81	33.85
0	8.00	Bee00	5.82	2.13
0	9.01	Bee09	5.75	16.27
0	9.01	Bee08	18.53	0.97
0	9.01	Bee01	36.12	12.84
0	9.01	Bee07	47.31	8.91
0	9.01	Bee06	43.60	19.52
0	9.01	Bee03	18.53	3.31
0	9.01	Bee04	41.07	1.50
0	9.01	Bee05	28.50	20.05
0	9.01	Bee02	11.22	35.78
0	9.01	Bee00	7.77	2.65
