Run	Time	Name	X pos	Y pos

0	0.00	Bee09	22.50	9.50
0	0.00	Bee08	32.50	11.50
0	0.00	Bee01	19.50	16.50
0	0.00	Bee07	45.50	23.50
0	0.00	Bee06	33.50	34.50
0	0.00	Bee03	1.50	1.50
0	0.00	Bee04	39.50	19.50
0	0.00	Bee05	41.50	7.50
0	0.00	Bee02	16.50	18.50
0	0.00	Bee00	3.50	4.50
0	1.01	Bee09	20.60	10.27
0	1.01	Bee08	30.86	10.26
0	1.01	Bee01	21.54	16.25
0	1.01	Bee07	46.85	21.95
0	1.01	Bee06	34.65	32.80
0	1.01	Bee03	3.52	1.11
0	1.01	Bee04	39.68	17.45
0	1.01	Bee05	40.02	8.93
0	1.01	Bee02	15.90	20.46
0	1.01	Bee00	1.78	3.38
0	2.00	Bee09	18.75	11.01
0	2.00	Bee08	29.27	9.07
0	2.00	Bee01	23.51	16.01
0	2.00	Bee07	48.15	20.45
0	2.00	Bee06	35.76	31.15
0	2.00	Bee03	4.68	1.09
0	2.00	Bee04	39.85	15.47
0	2.00	Bee05	38.59	10.31
0	2.00	Bee02	15.32	22.37
0	2.00	Bee00	0.98	2.87
0	3.04	Bee09	16.94	11.75
0	3.04	Bee08	27.71	7.89
0	3.04	Bee01	25.45	15.77
0	3.04	Bee07	49.05	19.42
0	3.04	Bee06	36.85	29.53
0	3.04	Bee03	6.61	1.41
0	3.04	Bee04	40.02	13.53
0	3.04	Bee05	37.19	11.67
0	3.04	Bee02	14.75	24.23
0	3.04	Bee00	0.96	2.72
0	4.02	Bee09	15.02	12.52
0	4.02	Bee08	26.05	6.64
0	4.02	Bee01	27.51	15.52
0	4.02	Bee07	48.95	18.79
0	4.02	Bee06	38.01	27.81
0	4.02	Bee03	8.66	1.74
0	4.02	Bee04	40.20	11.46
0	4.02	Bee05	35.69	13.11
0	4.02	Bee02	14.14	26.22
0	4.02	Bee00	1.40	0.96
0	5.01	Bee09	13.17	13.27
0	5.01	Bee08	24.47	5.45
0	5.01	Bee01	29.48	15.27
0	5.01	Bee07	48.61	16.83
0	5.01	Bee06	39.12	26.16
0	5.01	Bee03	10.62	2.05
0	5.01	Bee04	40.38	9.48
0	5.01	Bee05	34.26	14.49
0	5.01	Bee02	13.56	28.12
0	5.01	Bee00	1.38	0.94
0	6.00	Bee09	11.33	14.01
0	6.00	Bee08	22.88	4.25
0	6.00	Bee01	31.46	15.03
0	6.00	Bee07	48.28	14.87
0	6.00	Bee06	40.24	24.51
0	6.00	Bee03	12.58	2.37
0	6.00	Bee04	40.55	7.50
0	6.00	Bee05	32.83	15.87
0	6.00	Bee02	12.98	30.02
0	6.00	Bee00	1.31	0.92
0	7.01	Bee09	9.46	14.77
0	7.01	Bee08	21.27	3.04
0	7.01	Bee01	32.55	14.66
0	7.01	Bee07	47.94	12.88
0	7.01	Bee06	41.36	22.84
0	7.01	Bee03	14.57	2.69
0	7.01	Bee04	40.73	5.49
0	7.01	Bee05	31.38	17.27
0	7.01	Bee02	12.39	31.95
0	7.01	Bee00	0.93	1.04
0	8.01	Bee09	7.61	15.52
0	8.01	Bee08	19.68	1.84
0	8.01	Bee01	34.33	13.75
0	8.01	Bee07	47.60	10.92
0	8.01	Bee06	42.48	21.19
0	8.01	Bee03	16.54	3.01
0	8.01	Bee04	40.90	3.50
0	8.01	Bee05	29.95	18.66
0	8.01	Bee02	11.81	33.86
0	8.01	Bee00	0.90	1.02
0	9.00	Bee09	5.77	16.26
0	9.00	Bee08	18.52	0.96
0	9.00	Bee01	36.10	12.84
0	9.00	Bee07	47.27	8.96
0	9.00	Bee06	43.59	19.54
0	9.00	Bee03	18.51	3.33
0	9.00	Bee04	41.07	1.52
0	9.00	Bee05	28.52	20.04
0	9.00	Bee02	11.22	35.76
0	9.00	Bee00	0.89	0.96
0	10.02	Bee09	3.89	17.02
0	10.02	Bee08	17.99	1.08
0	10.02	Bee01	37.90	11.92
0	10.02	Bee07	46.92	6.97
0	10.02	Bee06	44.72	17.86
0	10.02	Bee03	20.50	3.65
0	10.02	Bee04	41.12	0.99
0	10.02	Bee05	27.06	21.44
0	10.02	Bee02	10.63	37.69
0	10.02	Bee00	0.86	0.94
0	11.01	Bee09	2.04	17.77
0	11.01	Bee08	16.05	1.54
0	11.01	Bee01	39.67	11.01
0	11.01	Bee07	46.59	5.00
0	11.01	Bee06	45.84	16.21
0	11.01	Bee03	22.47	3.97
0	11.01	Bee04	41.21	0.95
0	11.01	Bee05	25.63	22.83
0	11.01	Bee02	10.05	39.60
0	11.01	Bee00	0.83	0.93
0	12.00	Bee09	0.92	18.22
0	12.00	Bee08	14.12	2.00
0	12.00	Bee01	41.43	10.10
0	12.00	Bee07	46.25	3.05
0	12.00	Bee06	46.95	14.57
0	12.00	Bee03	24.43	4.28
0	12.00	Bee04	42.47	1.31
0	12.00	Bee05	24.20	24.20
0	12.00	Bee02	9.47	41.49
0	12.00	Bee00	0.80	0.95
0	13.01	Bee09	0.92	18.25
0	13.01	Bee08	12.16	2.47
0	13.01	Bee01	43.22	9.18
0	13.01	Bee07	45.91	1.06
0	13.01	Bee06	48.07	12.90
0	13.01	Bee03	26.41	4.60
0	13.01	Bee04	44.40	1.88
0	13.01	Bee05	22.75	25.60
0	13.01	Bee02	8.88	43.42
0	13.01	Bee00	0.80	1.01
0	14.00	Bee09	1.32	19.50
0	14.00	Bee08	10.23	2.93
0	14.00	Bee01	44.99	8.27
0	14.00	Bee07	45.90	0.96
0	14.00	Bee06	49.05	11.44
0	14.00	Bee03	28.38	4.92
0	14.00	Bee04	45.44	2.31
0	14.00	Bee05	21.32	26.98
0	14.00	Bee02	8.30	45.32
0	14.00	Bee00	1.59	2.05
