Run	Time	Name	X pos	Y pos

0	0.00	Bee09	22.50	9.50
0	0.00	Bee08	32.50	11.50
0	0.00	Bee01	19.50	16.50
0	0.00	Bee07	45.50	23.50
0	0.00	Bee06	33.50	34.50
0	0.00	Bee03	1.50	1.50
0	0.00	Bee04	39.50	19.50
0	0.00	Bee05	41.50	7.50
0	0.00	Bee02	16.50	18.50
0	0.00	Bee00	3.50	4.50
0	1.01	Bee09	20.59	10.27
0	1.01	Bee08	30.86	10.26
0	1.01	Bee01	21.54	16.25
0	1.01	Bee07	46.85	21.95
0	1.01	Bee06	34.65	32.79
0	1.01	Bee03	3.52	1.11
0	1.01	Bee04	39.68	17.45
0	1.01	Bee05	40.02	8.93
0	1.01	Bee02	15.90	20.47
0	1.01	Bee00	1.78	3.38
0	2.02	Bee09	18.72	11.03
0	2.02	Bee08	29.25	9.05
0	2.02	Bee01	23.54	16.00
0	2.02	Bee07	48.17	20.43
0	2.02	Bee06	35.78	31.12
0	2.02	Bee03	4.71	1.10
0	2.02	Bee04	39.86	15.44
0	2.02	Bee05	38.57	10.33
0	2.02	Bee02	15.31	22.39
0	2.02	Bee00	0.99	2.87
0	3.04	Bee09	16.95	11.74
0	3.04	Bee08	27.72	7.90
0	3.04	Bee01	25.44	15.77
0	3.04	Bee07	49.10	19.36
0	3.04	Bee06	36.85	29.54
0	3.04	Bee03	6.59	1.41
0	3.04	Bee04	40.02	13.54
0	3.04	Bee05	37.20	11.66
0	3.04	Bee02	14.75	24.22
0	3.04	Bee00	0.95	2.78
0	4.04	Bee09	15.09	12.49
0	4.04	Bee08	26.12	6.69
0	4.04	Bee01	27.43	15.53
0	4.04	Bee07	49.08	19.03
0	4.04	Bee06	37.97	27.87
0	4.04	Bee03	8.58	1.73
0	4.04	Bee04	40.20	11.54
0	4.04	Bee05	35.75	13.05
0	4.04	Bee02	14.16	26.14
0	4.04	Bee00	1.48	0.84
0	5.04	Bee09	13.22	13.25
0	5.04	Bee08	24.51	5.48
0	5.04	Bee01	29.43	15.28
0	5.04	Bee07	48.61	17.07
0	5.04	Bee06	39.10	26.20
0	5.04	Bee03	10.57	2.05
0	5.04	Bee04	40.37	9.53
0	5.04	Bee05	34.30	14.45
0	5.04	Bee02	13.57	28.07
0	5.04	Bee00	1.48	0.84
0	6.04	Bee09	11.34	14.01
0	6.04	Bee08	22.89	4.26
0	6.04	Bee01	31.44	15.03
0	6.04	Bee07	48.14	15.10
0	6.04	Bee06	40.23	24.52
0	6.04	Bee03	12.57	2.37
0	6.04	Bee04	40.55	7.51
0	6.04	Bee05	32.84	15.86
0	6.04	Bee02	12.98	30.01
0	6.04	Bee00	1.38	0.70
0	7.01	Bee09	9.47	14.76
0	7.01	Bee08	21.28	3.04
0	7.01	Bee01	32.10	14.95
0	7.01	Bee07	47.67	13.14
0	7.01	Bee06	41.36	22.85
0	7.01	Bee03	14.56	2.70
0	7.01	Bee04	40.72	5.50
0	7.01	Bee05	31.39	17.26
0	7.01	Bee02	12.39	31.94
0	7.01	Bee00	1.43	0.54
0	8.01	Bee09	7.60	15.52
0	8.01	Bee08	19.67	1.83
0	8.01	Bee01	33.81	13.87
0	8.01	Bee07	47.21	11.18
0	8.01	Bee06	42.49	21.18
0	8.01	Bee03	16.55	3.02
0	8.01	Bee04	40.90	3.49
0	8.01	Bee05	29.94	18.66
0	8.01	Bee02	11.80	33.87
0	8.01	Bee00	1.75	0.45
0	9.03	Bee09	5.71	16.28
0	9.03	Bee08	18.31	0.81
0	9.03	Bee01	35.52	12.78
0	9.03	Bee07	46.74	9.20
0	9.03	Bee06	43.62	19.49
0	9.03	Bee03	18.56	3.34
0	9.03	Bee04	41.08	1.47
0	9.03	Bee05	28.48	20.08
0	9.03	Bee02	11.21	35.81
0	9.03	Bee00	2.06	0.55
0	10.04	Bee09	3.85	17.04
0	10.04	Bee08	17.98	0.79
0	10.04	Bee01	37.22	11.70
0	10.04	Bee07	46.27	7.24
0	10.04	Bee06	44.75	17.82
0	10.04	Bee03	20.55	3.66
0	10.04	Bee04	41.14	0.79
0	10.04	Bee05	27.03	21.47
0	10.04	Bee02	10.62	37.74
0	10.04	Bee00	3.52	1.93
0	11.04	Bee09	2.29	17.67
0	11.04	Bee08	16.72	1.28
0	11.04	Bee01	38.64	10.80
0	11.04	Bee07	45.88	5.60
0	11.04	Bee06	45.69	16.43
0	11.04	Bee03	22.21	3.93
0	11.04	Bee04	41.42	0.60
0	11.04	Bee05	25.82	22.64
0	11.04	Bee02	10.13	39.35
0	11.04	Bee00	4.74	3.09
0	12.04	Bee09	0.71	18.30
0	12.04	Bee08	14.83	2.03
0	12.04	Bee01	40.36	9.71
0	12.04	Bee07	45.41	3.62
0	12.04	Bee06	46.83	14.74
0	12.04	Bee03	24.21	4.26
0	12.04	Bee04	41.75	0.59
0	12.04	Bee05	24.36	24.06
0	12.04	Bee02	9.53	41.29
0	12.04	Bee00	6.22	4.49
0	13.04	Bee09	0.42	18.14
0	13.04	Bee08	12.94	2.79
0	13.04	Bee01	42.08	8.61
0	13.04	Bee07	44.94	1.64
0	13.04	Bee06	47.97	13.05
0	13.04	Bee03	26.23	4.58
0	13.04	Bee04	43.17	1.51
0	13.04	Bee05	22.89	25.47
0	13.04	Bee02	8.94	43.24
0	13.04	Bee00	7.70	5.90
0	14.04	Bee09	0.42	18.14
0	14.04	Bee08	11.06	3.53
0	14.04	Bee01	43.78	7.53
0	14.04	Bee07	44.70	0.65
0	14.04	Bee06	49.10	11.38
0	14.04	Bee03	28.22	4.91
0	14.04	Bee04	44.02	2.07
0	14.04	Bee05	21.44	26.87
0	14.04	Bee02	8.35	45.17
0	14.04	Bee00	9.16	7.29
0	15.04	Bee09	0.40	17.81
0	15.04	Bee08	9.17	4.28
0	15.04	Bee01	45.50	6.44
0	15.04	Bee07	44.39	0.50
0	15.04	Bee06	49.10	11.04
0	15.04	Bee03	30.23	5.23
0	15.04	Bee04	44.92	3.51
0	15.04	Bee05	19.98	28.29
0	15.04	Bee02	7.75	47.11
0	15.04	Bee00	10.64	8.68
0	16.04	Bee09	0.86	17.34
0	16.04	Bee08	7.29	5.03
0	16.04	Bee01	47.21	5.35
0	16.04	Bee07	44.06	0.54
0	16.04	Bee06	48.52	9.82
0	16.04	Bee03	32.23	5.56
0	16.04	Bee04	45.82	4.95
0	16.04	Bee05	18.52	29.70
0	16.04	Bee02	7.16	49.06
0	16.04	Bee00	12.11	10.08
0	17.04	Bee09	2.56	16.25
0	17.04	Bee08	5.41	5.77
0	17.04	Bee01	48.91	4.27
0	17.04	Bee07	43.43	1.29
0	17.04	Bee06	47.66	7.99
0	17.04	Bee03	34.22	5.88
0	17.04	Bee04	45.82	4.95
0	17.04	Bee05	17.07	31.09
0	17.04	Bee02	7.16	49.06
0	17.04	Bee00	13.57	11.47
0	18.04	Bee09	4.26	15.16
0	18.04	Bee08	3.54	6.52
0	18.04	Bee01	49.19	4.09
0	18.04	Bee07	42.36	3.01
0	18.04	Bee06	46.94	6.47
0	18.04	Bee03	36.21	6.20
0	18.04	Bee04	47.82	5.22
0	18.04	Bee05	15.61	32.50
0	18.04	Bee02	7.34	49.33
0	18.04	Bee00	15.03	12.86
0	19.04	Bee09	5.97	14.07
0	19.04	Bee08	1.65	7.27
0	19.04	Bee01	49.51	4.20
0	19.04	Bee07	41.29	4.73
0	19.04	Bee06	46.36	6.12
0	19.04	Bee03	38.21	6.52
0	19.04	Bee04	49.16	5.40
0	19.04	Bee05	14.15	33.91
0	19.04	Bee02	7.34	49.33
0	19.04	Bee00	16.51	14.26
0	20.04	Bee09	7.65	12.99
0	20.04	Bee08	0.72	7.64
0	20.04	Bee01	49.51	4.20
0	20.04	Bee07	40.41	6.15
0	20.04	Bee06	44.65	5.10
0	20.04	Bee03	39.86	6.79
0	20.04	Bee04	49.34	5.68
0	20.04	Bee05	12.72	35.30
0	20.04	Bee02	7.11	49.58
0	20.04	Bee00	17.96	15.63
0	21.04	Bee09	9.34	11.91
0	21.04	Bee08	0.43	7.48
0	21.04	Bee01	49.51	4.20
0	21.04	Bee07	40.42	6.48
0	21.04	Bee06	42.93	4.07
0	21.04	Bee03	40.14	6.98
0	21.04	Bee04	49.33	6.02
0	21.04	Bee05	11.27	36.69
0	21.04	Bee02	7.11	49.58
0	21.04	Bee00	19.41	17.01
0	22.00	Bee09	11.04	10.81
0	22.00	Bee08	0.43	7.48
0	22.00	Bee01	49.55	3.86
0	22.00	Bee07	40.61	6.75
0	22.00	Bee06	41.19	3.02
0	22.00	Bee03	40.81	8.13
0	22.00	Bee04	48.58	7.52
0	22.00	Bee05	9.82	38.10
0	22.00	Bee02	7.11	49.58
0	22.00	Bee00	20.88	18.41
0	23.02	Bee09	12.75	9.72
0	23.02	Bee08	0.43	7.48
0	23.02	Bee01	49.14	3.35
0	23.02	Bee07	41.25	6.99
0	23.02	Bee06	39.45	1.98
0	23.02	Bee03	41.83	9.89
0	23.02	Bee04	47.67	9.33
0	23.02	Bee05	8.36	39.50
0	23.02	Bee02	7.11	49.58
0	23.02	Bee00	22.35	19.80
0	24.03	Bee09	14.47	8.62
0	24.03	Bee08	0.43	7.48
0	24.03	Bee01	47.55	2.07
0	24.03	Bee07	43.15	7.71
0	24.03	Bee06	37.70	0.93
0	24.03	Bee03	42.86	11.64
0	24.03	Bee04	46.75	11.15
0	24.03	Bee05	6.89	40.92
0	24.03	Bee02	7.45	49.57
0	24.03	Bee00	23.83	21.20
0	25.04	Bee09	15.87	7.72
0	25.04	Bee08	0.42	7.81
0	25.04	Bee01	46.25	1.03
0	25.04	Bee07	44.71	8.31
0	25.04	Bee06	37.37	0.95
0	25.04	Bee03	43.70	13.09
0	25.04	Bee04	46.00	12.64
0	25.04	Bee05	5.69	42.08
0	25.04	Bee02	7.73	49.38
0	25.04	Bee00	25.04	22.35
0	26.04	Bee09	17.58	6.62
0	26.04	Bee08	0.61	8.09
0	26.04	Bee01	45.65	0.78
0	26.04	Bee07	46.61	9.03
0	26.04	Bee06	36.48	1.42
0	26.04	Bee03	44.55	14.55
0	26.04	Bee04	45.39	13.84
0	26.04	Bee05	4.23	43.49
0	26.04	Bee02	8.39	48.20
0	26.04	Bee00	26.51	23.75
0	27.04	Bee09	19.30	5.52
0	27.04	Bee08	2.36	9.15
0	27.04	Bee01	44.70	1.14
0	27.04	Bee07	48.52	9.75
0	27.04	Bee06	34.67	2.38
0	27.04	Bee03	44.63	15.57
0	27.04	Bee04	45.43	14.18
0	27.04	Bee05	2.76	44.91
0	27.04	Bee02	9.40	46.43
0	27.04	Bee00	27.99	25.16
0	28.04	Bee09	21.00	4.44
0	28.04	Bee08	4.09	10.19
0	28.04	Bee01	42.81	1.85
0	28.04	Bee07	49.15	9.99
0	28.04	Bee06	32.89	3.32
0	28.04	Bee03	44.80	17.58
0	28.04	Bee04	46.16	15.31
0	28.04	Bee05	1.31	46.31
0	28.04	Bee02	10.40	44.67
0	28.04	Bee00	29.45	26.54
0	29.04	Bee09	22.71	3.34
0	29.04	Bee08	5.83	11.24
0	29.04	Bee01	40.91	2.57
0	29.04	Bee07	49.26	10.31
0	29.04	Bee06	31.10	4.27
0	29.04	Bee03	44.96	19.60
0	29.04	Bee04	47.25	17.02
0	29.04	Bee05	0.83	46.78
0	29.04	Bee02	11.40	42.91
0	29.04	Bee00	30.93	27.94
0	30.04	Bee09	24.40	2.25
0	30.04	Bee08	7.55	12.28
0	30.04	Bee01	39.03	3.28
0	30.04	Bee07	48.96	10.90
0	30.04	Bee06	29.32	5.22
0	30.04	Bee03	45.12	21.61
0	30.04	Bee04	48.34	18.71
0	30.04	Bee05	0.88	47.42
0	30.04	Bee02	12.40	41.15
0	30.04	Bee00	32.39	29.33
0	31.04	Bee09	26.12	1.15
0	31.04	Bee08	9.29	13.33
0	31.04	Bee01	37.12	4.00
0	31.04	Bee07	47.65	12.46
0	31.04	Bee06	27.52	6.17
0	31.04	Bee03	45.29	23.64
0	31.04	Bee04	49.07	19.86
0	31.04	Bee05	1.62	49.32
0	31.04	Bee02	13.40	39.38
0	31.04	Bee00	33.86	30.73
0	32.04	Bee09	26.69	0.79
0	32.04	Bee08	11.04	14.38
0	32.04	Bee01	35.22	4.71
0	32.04	Bee07	46.34	14.01
0	32.04	Bee06	25.72	7.12
0	32.04	Bee03	45.45	25.67
0	32.04	Bee04	49.06	20.20
0	32.04	Bee05	1.62	49.32
0	32.04	Bee02	14.41	37.62
0	32.04	Bee00	35.34	32.13
0	33.04	Bee09	27.63	1.10
0	33.04	Bee08	12.78	15.43
0	33.04	Bee01	33.31	5.43
0	33.04	Bee07	45.03	15.57
0	33.04	Bee06	23.92	8.07
0	33.04	Bee03	45.62	27.69
0	33.04	Bee04	48.15	22.01
0	33.04	Bee05	1.41	49.59
0	33.04	Bee02	15.41	35.85
0	33.04	Bee00	36.81	33.53
0	34.04	Bee09	29.43	2.01
0	34.04	Bee08	14.50	16.47
0	34.04	Bee01	31.43	6.14
0	34.04	Bee07	43.74	17.11
0	34.04	Bee06	22.14	9.02
0	34.04	Bee03	45.78	29.70
0	34.04	Bee04	47.24	23.81
0	34.04	Bee05	1.41	49.59
0	34.04	Bee02	16.40	34.10
0	34.04	Bee00	38.27	34.92
0	35.01	Bee09	31.25	2.92
0	35.01	Bee08	16.25	17.52
0	35.01	Bee01	29.52	6.86
0	35.01	Bee07	42.43	18.68
0	35.01	Bee06	20.34	9.97
0	35.01	Bee03	45.94	31.73
0	35.01	Bee04	46.33	25.63
0	35.01	Bee05	1.41	49.59
0	35.01	Bee02	17.41	32.32
0	35.01	Bee00	39.75	36.32
0	36.02	Bee09	33.04	3.83
0	36.02	Bee08	17.97	18.56
0	36.02	Bee01	27.64	7.57
0	36.02	Bee07	41.14	20.22
0	36.02	Bee06	18.57	10.91
0	36.02	Bee03	46.10	33.74
0	36.02	Bee04	45.43	27.43
0	36.02	Bee05	1.41	49.59
0	36.02	Bee02	18.40	30.57
0	36.02	Bee00	41.21	37.71
0	37.04	Bee09	34.86	4.75
0	37.04	Bee08	19.71	19.62
0	37.04	Bee01	25.73	8.28
0	37.04	Bee07	39.83	21.78
0	37.04	Bee06	16.77	11.87
0	37.04	Bee03	46.27	35.77
0	37.04	Bee04	44.51	29.25
0	37.04	Bee05	1.75	49.59
0	37.04	Bee02	19.41	28.80
0	37.04	Bee00	42.69	39.11
0	38.04	Bee09	36.37	5.51
0	38.04	Bee08	21.16	20.49
0	38.04	Bee01	24.15	8.88
0	38.04	Bee07	38.74	23.07
0	38.04	Bee06	15.28	12.66
0	38.04	Bee03	46.41	37.45
0	38.04	Bee04	43.75	30.76
0	38.04	Bee05	2.04	49.41
0	38.04	Bee02	20.24	27.34
0	38.04	Bee00	43.91	40.27
0	39.04	Bee09	38.18	6.41
0	39.04	Bee08	22.89	21.53
0	39.04	Bee01	22.26	9.59
0	39.04	Bee07	37.44	24.62
0	39.04	Bee06	13.49	13.60
0	39.04	Bee03	46.57	39.46
0	39.04	Bee04	42.85	32.57
0	39.04	Bee05	2.94	47.98
0	39.04	Bee02	21.24	25.58
0	39.04	Bee00	45.38	41.66
0	40.04	Bee09	40.00	7.34
0	40.04	Bee08	24.64	22.59
0	40.04	Bee01	20.35	10.31
0	40.04	Bee07	36.13	26.18
0	40.04	Bee06	11.68	14.56
0	40.04	Bee03	46.73	41.50
0	40.04	Bee04	41.93	34.39
0	40.04	Bee05	4.03	46.26
0	40.04	Bee02	22.25	23.80
0	40.04	Bee00	46.86	43.07
0	41.04	Bee09	41.79	8.24
0	41.04	Bee08	26.36	23.62
0	41.04	Bee01	18.47	11.02
0	41.04	Bee07	34.84	27.72
0	41.04	Bee06	9.91	15.50
0	41.04	Bee03	46.73	41.50
0	41.04	Bee04	41.03	36.19
0	41.04	Bee05	5.11	44.56
0	41.04	Bee02	23.24	22.05
0	41.04	Bee00	48.32	44.45
0	42.04	Bee09	43.60	9.15
0	42.04	Bee08	28.09	24.67
0	42.04	Bee01	16.58	11.73
0	42.04	Bee07	33.54	29.27
0	42.04	Bee06	8.12	16.45
0	42.04	Bee03	45.53	42.68
0	42.04	Bee04	40.12	37.99
0	42.04	Bee05	6.19	42.85
0	42.04	Bee02	24.24	20.30
0	42.04	Bee00	49.05	45.15
0	43.04	Bee09	45.40	10.06
0	43.04	Bee08	29.82	25.71
0	43.04	Bee01	14.69	12.44
0	43.04	Bee07	32.24	30.81
0	43.04	Bee06	6.34	17.39
0	43.04	Bee03	44.09	44.09
0	43.04	Bee04	39.21	39.79
0	43.04	Bee05	7.26	41.15
0	43.04	Bee02	25.23	18.54
0	43.04	Bee00	49.06	45.81
0	44.04	Bee09	47.19	10.96
0	44.04	Bee08	31.54	26.75
0	44.04	Bee01	12.81	13.15
0	44.04	Bee07	30.95	32.36
0	44.04	Bee06	4.56	18.33
0	44.04	Bee03	42.65	45.49
0	44.04	Bee04	38.31	41.59
0	44.04	Bee05	8.34	39.45
0	44.04	Bee02	26.23	16.79
0	44.04	Bee00	48.63	47.77
0	45.04	Bee09	49.01	11.87
0	45.04	Bee08	33.28	27.80
0	45.04	Bee01	10.91	13.86
0	45.04	Bee07	29.65	33.91
0	45.04	Bee06	2.77	19.28
0	45.04	Bee03	41.20	46.91
0	45.04	Bee04	37.40	43.40
0	45.04	Bee05	9.42	37.73
0	45.04	Bee02	27.23	15.03
0	45.04	Bee00	48.35	49.10
0	46.04	Bee09	49.30	12.02
0	46.04	Bee08	35.02	28.85
0	46.04	Bee01	9.01	14.58
0	46.04	Bee07	28.34	35.47
0	46.04	Bee06	0.98	20.23
0	46.04	Bee03	39.74	48.33
0	46.04	Bee04	36.49	45.22
0	46.04	Bee05	10.51	36.01
0	46.04	Bee02	28.23	13.26
0	46.04	Bee00	48.04	49.25
0	47.04	Bee09	49.59	11.84
0	47.04	Bee08	36.75	29.89
0	47.04	Bee01	7.12	15.29
0	47.04	Bee07	27.04	37.01
0	47.04	Bee06	0.81	20.53
0	47.04	Bee03	39.03	49.03
0	47.04	Bee04	35.58	47.02
0	47.04	Bee05	11.59	34.31
0	47.04	Bee02	29.23	11.51
0	47.04	Bee00	47.71	49.21
0	48.00	Bee09	49.59	11.84
0	48.00	Bee08	38.49	30.94
0	48.00	Bee01	5.21	16.01
0	48.00	Bee07	25.73	38.57
0	48.00	Bee06	0.85	20.87
0	48.00	Bee03	38.36	49.01
0	48.00	Bee04	34.66	48.84
0	48.00	Bee05	12.67	32.58
0	48.00	Bee02	30.24	9.74
0	48.00	Bee00	46.27	48.32
0	49.02	Bee09	49.38	11.23
0	49.02	Bee08	40.24	31.99
0	49.02	Bee01	3.30	16.73
0	49.02	Bee07	24.42	40.14
0	49.02	Bee06	1.72	22.33
0	49.02	Bee03	36.39	48.48
0	49.02	Bee04	34.51	49.15
0	49.02	Bee05	13.76	30.86
0	49.02	Bee02	31.24	7.96
0	49.02	Bee00	44.54	47.24
0	50.04	Bee09	48.49	10.74
0	50.04	Bee08	41.98	33.04
0	50.04	Bee01	1.40	17.45
0	50.04	Bee07	23.12	41.69
0	50.04	Bee06	2.76	24.07
0	50.04	Bee03	34.76	48.04
0	50.04	Bee04	34.18	49.22
0	50.04	Bee05	14.85	29.14
0	50.04	Bee02	32.25	6.19
0	50.04	Bee00	42.81	46.17
0	51.04	Bee09	47.00	9.92
0	51.04	Bee08	43.43	33.92
0	51.04	Bee01	0.77	17.68
0	51.04	Bee07	22.02	42.99
0	51.04	Bee06	3.63	25.53
0	51.04	Bee03	34.24	47.60
0	51.04	Bee04	32.60	48.60
0	51.04	Bee05	15.76	27.71
0	51.04	Bee02	33.08	4.72
0	51.04	Bee00	41.37	45.27
0	52.04	Bee09	45.22	8.94
0	52.04	Bee08	45.17	34.97
0	52.04	Bee01	0.47	17.51
0	52.04	Bee07	20.72	44.55
0	52.04	Bee06	4.68	27.27
0	52.04	Bee03	32.70	46.28
0	52.04	Bee04	30.71	47.86
0	52.04	Bee05	16.84	25.99
0	52.04	Bee02	34.09	2.95
0	52.04	Bee00	39.64	44.20
0	53.04	Bee09	43.43	7.97
0	53.04	Bee08	46.91	36.02
0	53.04	Bee01	0.42	17.17
0	53.04	Bee07	19.41	46.11
0	53.04	Bee06	5.72	29.02
0	53.04	Bee03	31.15	44.96
0	53.04	Bee04	28.81	47.11
0	53.04	Bee05	17.93	24.27
0	53.04	Bee02	35.09	1.18
0	53.04	Bee00	37.91	43.12
0	54.04	Bee09	41.65	6.99
0	54.04	Bee08	48.66	37.07
0	54.04	Bee01	0.56	16.87
0	54.04	Bee07	18.10	47.67
0	54.04	Bee06	6.77	30.77
0	54.04	Bee03	29.60	43.64
0	54.04	Bee04	26.92	46.37
0	54.04	Bee05	19.02	22.55
0	54.04	Bee02	35.56	0.73
0	54.04	Bee00	36.18	42.05
0	55.04	Bee09	39.88	6.02
0	55.04	Bee08	49.23	37.42
0	55.04	Bee01	1.85	15.80
0	55.04	Bee07	16.81	49.21
0	55.04	Bee06	7.80	32.49
0	55.04	Bee03	28.07	42.33
0	55.04	Bee04	25.04	45.63
0	55.04	Bee05	20.09	20.85
0	55.04	Bee02	35.90	0.77
0	55.04	Bee00	34.47	40.98
0	56.04	Bee09	38.10	5.04
0	56.04	Bee08	49.56	37.31
0	56.04	Bee01	3.41	14.50
0	56.04	Bee07	16.48	49.31
0	56.04	Bee06	8.84	34.23
0	56.04	Bee03	26.53	41.02
0	56.04	Bee04	23.16	44.89
0	56.04	Bee05	21.18	19.13
0	56.04	Bee02	37.05	1.50
0	56.04	Bee00	32.75	39.91
0	57.04	Bee09	36.33	4.07
0	57.04	Bee08	49.56	37.31
0	57.04	Bee01	4.97	13.21
0	57.04	Bee07	16.16	49.20
0	57.04	Bee06	9.88	35.97
0	57.04	Bee03	24.99	39.71
0	57.04	Bee04	21.28	44.15
0	57.04	Bee05	22.26	17.42
0	57.04	Bee02	38.76	2.57
0	57.04	Bee00	31.04	38.85
0	58.04	Bee09	34.55	3.10
0	58.04	Bee08	49.58	36.97
0	58.04	Bee01	6.53	11.91
0	58.04	Bee07	14.92	48.06
0	58.04	Bee06	10.92	37.71
0	58.04	Bee03	23.44	38.39
0	58.04	Bee04	19.39	43.40
0	58.04	Bee05	23.34	15.71
0	58.04	Bee02	40.47	3.65
0	58.04	Bee00	29.31	37.77
0	59.00	Bee09	32.77	2.12
0	59.00	Bee08	48.84	36.29
0	59.00	Bee01	8.10	10.61
0	59.00	Bee07	13.42	46.67
0	59.00	Bee06	11.97	39.46
0	59.00	Bee03	21.89	37.07
0	59.00	Bee04	17.49	42.66
0	59.00	Bee05	24.43	13.99
0	59.00	Bee02	42.20	4.74
0	59.00	Bee00	27.58	36.70
0	60.02	Bee09	30.99	1.14
0	60.02	Bee08	47.17	35.14
0	60.02	Bee01	9.66	9.32
0	60.02	Bee07	11.93	45.30
0	60.02	Bee06	13.01	41.20
0	60.02	Bee03	20.35	35.75
0	60.02	Bee04	15.60	41.92
0	60.02	Bee05	25.51	12.27
0	60.02	Bee02	43.91	5.82
0	60.02	Bee00	25.86	35.63
0	61.03	Bee09	30.40	0.82
0	61.03	Bee08	45.50	34.00
0	61.03	Bee01	11.21	8.03
0	61.03	Bee07	10.45	43.92
0	61.03	Bee06	14.05	42.93
0	61.03	Bee03	18.81	34.44
0	61.03	Bee04	14.67	41.55
0	61.03	Bee05	26.59	10.56
0	61.03	Bee02	45.62	6.90
0	61.03	Bee00	24.14	34.56
0	62.03	Bee09	29.49	1.19
0	62.03	Bee08	43.84	32.87
0	62.03	Bee01	12.76	6.74
0	62.03	Bee07	8.97	42.56
0	62.03	Bee06	15.08	44.66
0	62.03	Bee03	17.29	33.13
0	62.03	Bee04	13.91	40.45
0	62.03	Bee05	27.67	8.87
0	62.03	Bee02	47.32	7.97
0	62.03	Bee00	22.44	33.50
0	63.04	Bee09	27.75	2.20
0	63.04	Bee08	42.18	31.74
0	63.04	Bee01	14.30	5.46
0	63.04	Bee07	7.50	41.20
0	63.04	Bee06	16.11	46.38
0	63.04	Bee03	15.76	31.83
0	63.04	Bee04	12.77	38.80
0	63.04	Bee05	28.74	7.17
0	63.04	Bee02	49.03	9.04
0	63.04	Bee00	20.73	32.44
0	64.04	Bee09	26.28	3.05
0	64.04	Bee08	40.78	30.78
0	64.04	Bee01	15.61	4.38
0	64.04	Bee07	6.25	40.04
0	64.04	Bee06	16.98	47.84
0	64.04	Bee03	14.47	30.73
0	64.04	Bee04	11.80	37.41
0	64.04	Bee05	29.65	5.73
0	64.04	Bee02	49.16	9.35
0	64.04	Bee00	19.29	31.54
0	65.04	Bee09	24.54	4.06
0	65.04	Bee08	39.12	29.65
0	65.04	Bee01	17.16	3.09
0	65.04	Bee07	4.77	38.68
0	65.04	Bee06	17.84	49.28
0	65.04	Bee03	12.93	29.42
0	65.04	Bee04	10.65	35.75
0	65.04	Bee05	30.72	4.03
0	65.04	Bee02	49.11	9.68
0	65.04	Bee00	17.58	30.48
0	66.04	Bee09	22.81	5.07
0	66.04	Bee08	37.46	28.51
0	66.04	Bee01	18.70	1.81
0	66.04	Bee07	3.30	37.31
0	66.04	Bee06	17.73	49.60
0	66.04	Bee03	11.41	28.12
0	66.04	Bee04	9.51	34.11
0	66.04	Bee05	31.80	2.33
0	66.04	Bee02	48.34	10.78
0	66.04	Bee00	15.88	29.42
0	67.04	Bee09	21.03	6.10
0	67.04	Bee08	35.76	27.36
0	67.04	Bee01	19.76	0.93
0	67.04	Bee07	1.79	35.92
0	67.04	Bee06	17.73	49.60
0	67.04	Bee03	9.84	26.79
0	67.04	Bee04	8.33	32.42
0	67.04	Bee05	32.71	0.88
0	67.04	Bee02	47.17	12.47
0	67.04	Bee00	14.13	28.33
0	68.04	Bee09	19.29	7.12
0	68.04	Bee08	34.10	26.22
0	68.04	Bee01	20.09	0.90
0	68.04	Bee07	0.81	35.01
0	68.04	Bee06	17.73	49.60
0	68.04	Bee03	8.31	25.48
0	68.04	Bee04	7.18	30.76
0	68.04	Bee05	33.02	0.75
0	68.04	Bee02	46.02	14.12
0	68.04	Bee00	12.42	27.27
0	69.04	Bee09	17.53	8.14
0	69.04	Bee08	32.42	25.07
0	69.04	Bee01	22.01	1.57
0	69.04	Bee07	0.73	34.69
0	69.04	Bee06	17.14	49.35
0	69.04	Bee03	6.76	24.16
0	69.04	Bee04	6.02	29.09
0	69.04	Bee05	33.34	0.80
0	69.04	Bee02	44.86	15.79
0	69.04	Bee00	10.69	26.20
0	70.04	Bee09	15.79	9.15
0	70.04	Bee08	30.75	23.94
0	70.04	Bee01	23.91	2.24
0	70.04	Bee07	1.09	34.14
0	70.04	Bee06	15.58	48.06
0	70.04	Bee03	5.23	22.85
0	70.04	Bee04	4.88	27.44
0	70.04	Bee05	34.99	1.97
0	70.04	Bee02	43.71	17.44
0	70.04	Bee00	8.98	25.13
0	71.04	Bee09	14.04	10.17
0	71.04	Bee08	29.08	22.80
0	71.04	Bee01	25.82	2.91
0	71.04	Bee07	2.54	32.72
0	71.04	Bee06	14.03	46.77
0	71.04	Bee03	3.69	21.54
0	71.04	Bee04	3.72	25.78
0	71.04	Bee05	36.64	3.14
0	71.04	Bee02	42.56	19.11
0	71.04	Bee00	7.26	24.06
0	72.04	Bee09	12.27	11.20
0	72.04	Bee08	27.39	21.64
0	72.04	Bee01	27.75	3.58
0	72.04	Bee07	4.00	31.29
0	72.04	Bee06	12.45	45.47
0	72.04	Bee03	2.14	20.21
0	72.04	Bee04	2.56	24.09
0	72.04	Bee05	38.31	4.32
0	72.04	Bee02	41.39	20.79
0	72.04	Bee00	5.53	22.98
0	73.00	Bee09	10.52	12.22
0	73.00	Bee08	25.72	20.50
0	73.00	Bee01	29.66	4.26
0	73.00	Bee07	5.46	29.87
0	73.00	Bee06	10.89	44.17
0	73.00	Bee03	0.85	19.11
0	73.00	Bee04	1.40	22.43
0	73.00	Bee05	39.96	5.50
0	73.00	Bee02	40.23	22.45
0	73.00	Bee00	3.80	21.91
0	74.00	Bee09	8.79	13.22
0	74.00	Bee08	24.06	19.37
0	74.00	Bee01	31.55	4.92
0	74.00	Bee07	6.89	28.47
0	74.00	Bee06	9.34	42.90
0	74.00	Bee03	0.75	18.79
0	74.00	Bee04	0.83	21.60
0	74.00	Bee05	41.59	6.66
0	74.00	Bee02	39.09	24.10
0	74.00	Bee00	2.10	20.85
0	75.02	Bee09	7.03	14.25
0	75.02	Bee08	22.38	18.22
0	75.02	Bee01	33.47	5.59
0	75.02	Bee07	8.34	27.05
0	75.02	Bee06	7.78	41.60
0	75.02	Bee03	0.86	18.46
0	75.02	Bee04	0.82	21.26
0	75.02	Bee05	43.25	7.83
0	75.02	Bee02	37.93	25.77
0	75.02	Bee00	1.63	20.39
0	76.03	Bee09	5.28	15.26
0	76.03	Bee08	20.71	17.08
0	76.03	Bee01	35.38	6.27
0	76.03	Bee07	9.79	25.64
0	76.03	Bee06	6.22	40.31
0	76.03	Bee03	2.23	16.98
0	76.03	Bee04	0.96	20.95
0	76.03	Bee05	44.90	9.00
0	76.03	Bee02	36.77	27.43
0	76.03	Bee00	0.91	19.26
0	77.04	Bee09	4.11	15.94
0	77.04	Bee08	19.32	16.13
0	77.04	Bee01	36.97	6.82
0	77.04	Bee07	11.00	24.46
0	77.04	Bee06	4.92	39.24
0	77.04	Bee03	3.15	15.99
0	77.04	Bee04	0.99	20.30
0	77.04	Bee05	46.28	9.98
0	77.04	Bee02	35.81	28.82
0	77.04	Bee00	0.92	18.93
0	78.04	Bee09	4.11	15.94
0	78.04	Bee08	17.60	14.96
0	78.04	Bee01	38.93	7.51
0	78.04	Bee07	12.48	23.00
0	78.04	Bee06	3.32	37.91
0	78.04	Bee03	3.20	15.66
0	78.04	Bee04	1.09	19.97
0	78.04	Bee05	47.97	11.18
0	78.04	Bee02	34.63	30.52
0	78.04	Bee00	1.70	17.37
0	79.04	Bee09	3.84	17.94
0	79.04	Bee08	15.93	13.82
0	79.04	Bee01	40.84	8.18
0	79.04	Bee07	13.93	21.59
0	79.04	Bee06	1.76	36.62
0	79.04	Bee03	2.89	14.70
0	79.04	Bee04	2.65	18.69
0	79.04	Bee05	49.08	11.97
0	79.04	Bee02	33.47	32.18
0	79.04	Bee00	2.31	16.16
0	80.04	Bee09	3.74	18.60
0	80.04	Bee08	14.26	12.68
0	80.04	Bee01	42.75	8.85
0	80.04	Bee07	15.37	20.18
0	80.04	Bee06	0.99	35.98
0	80.04	Bee03	2.29	12.77
0	80.04	Bee04	2.91	18.48
0	80.04	Bee05	49.20	12.28
0	80.04	Bee02	32.32	33.84
0	80.04	Bee00	2.19	15.15
0	81.04	Bee09	4.35	20.53
0	81.04	Bee08	12.59	11.54
0	81.04	Bee01	44.66	9.52
0	81.04	Bee07	16.82	18.76
0	81.04	Bee06	0.93	35.31
0	81.04	Bee03	1.68	10.84
0	81.04	Bee04	3.24	18.55
0	81.04	Bee05	48.92	12.89
0	81.04	Bee02	31.17	35.50
0	81.04	Bee00	1.95	13.15
0	82.04	Bee09	4.95	22.44
0	82.04	Bee08	10.94	10.41
0	82.04	Bee01	46.54	10.19
0	82.04	Bee07	18.25	17.37
0	82.04	Bee06	1.48	34.48
0	82.04	Bee03	1.08	8.93
0	82.04	Bee04	4.48	18.06
0	82.04	Bee05	47.71	14.48
0	82.04	Bee02	30.02	37.15
0	82.04	Bee00	1.71	11.16
0	83.04	Bee09	5.56	24.36
0	83.04	Bee08	9.28	9.27
0	83.04	Bee01	48.45	10.85
0	83.04	Bee07	19.69	15.96
0	83.04	Bee06	2.59	32.79
0	83.04	Bee03	1.07	7.96
0	83.04	Bee04	6.35	17.32
0	83.04	Bee05	46.48	16.08
0	83.04	Bee02	28.87	38.80
0	83.04	Bee00	1.51	9.49
0	84.04	Bee09	6.17	26.29
0	84.04	Bee08	7.60	8.13
0	84.04	Bee01	49.08	11.08
0	84.04	Bee07	21.14	14.54
0	84.04	Bee06	3.71	31.10
0	84.04	Bee03	1.35	5.95
0	84.04	Bee04	8.24	16.57
0	84.04	Bee05	45.25	17.69
0	84.04	Bee02	27.72	40.47
0	84.04	Bee00	1.82	8.88
0	85.04	Bee09	6.78	28.24
0	85.04	Bee08	5.92	6.98
0	85.04	Bee01	49.19	11.39
0	85.04	Bee07	22.59	13.12
0	85.04	Bee06	4.83	29.40
0	85.04	Bee03	1.63	3.93
0	85.04	Bee04	10.13	15.82
0	85.04	Bee05	44.01	19.31
0	85.04	Bee02	26.56	42.14
0	85.04	Bee00	2.74	7.06
0	86.04	Bee09	7.31	29.93
0	86.04	Bee08	4.46	5.98
0	86.04	Bee01	49.09	11.79
0	86.04	Bee07	23.86	11.88
0	86.04	Bee06	5.80	27.92
0	86.04	Bee03	1.88	2.18
0	86.04	Bee04	11.78	15.17
0	86.04	Bee05	42.93	20.72
0	86.04	Bee02	25.54	43.59
0	86.04	Bee00	3.54	5.48
0	87.04	Bee09	7.92	31.86
0	87.04	Bee08	4.33	5.67
0	87.04	Bee01	47.79	13.34
0	87.04	Bee07	25.31	10.46
0	87.04	Bee06	6.92	26.22
0	87.04	Bee03	2.07	0.83
0	87.04	Bee04	13.67	14.42
0	87.04	Bee05	41.70	22.33
0	87.04	Bee02	24.39	45.26
0	87.04	Bee00	4.45	3.66
0	88.04	Bee09	8.53	33.79
0	88.04	Bee08	3.58	3.79
0	88.04	Bee01	46.49	14.89
0	88.04	Bee07	26.76	9.04
0	88.04	Bee06	8.03	24.53
0	88.04	Bee03	1.84	0.58
0	88.04	Bee04	15.55	13.67
0	88.04	Bee05	40.47	23.94
0	88.04	Bee02	23.23	46.92
0	88.04	Bee00	5.36	1.86
0	89.04	Bee09	9.14	35.73
0	89.04	Bee08	2.83	1.91
0	89.04	Bee01	45.19	16.45
0	89.04	Bee07	28.21	7.62
0	89.04	Bee06	9.15	22.83
0	89.04	Bee03	1.84	0.58
0	89.04	Bee04	17.44	12.92
0	89.04	Bee05	39.24	25.55
0	89.04	Bee02	22.07	48.59
0	89.04	Bee00	5.82	0.95
0	90.04	Bee09	9.75	37.67
0	90.04	Bee08	2.58	1.28
0	90.04	Bee01	43.88	18.02
0	90.04	Bee07	29.67	6.20
0	90.04	Bee06	10.27	21.13
0	90.04	Bee03	1.84	0.58
0	90.04	Bee04	19.33	12.17
0	90.04	Bee05	38.00	27.17
0	90.04	Bee02	21.68	49.15
0	90.04	Bee00	6.11	0.78
0	91.04	Bee09	10.36	39.61
0	91.04	Bee08	2.65	0.94
0	91.04	Bee01	42.58	19.57
0	91.04	Bee07	31.12	4.78
0	91.04	Bee06	11.38	19.44
0	91.04	Bee03	2.12	0.41
0	91.04	Bee04	21.22	11.43
0	91.04	Bee05	36.76	28.78
0	91.04	Bee02	21.05	49.20
0	91.04	Bee00	7.03	1.15
0	92.04	Bee09	10.98	41.55
0	92.04	Bee08	2.44	0.68
0	92.04	Bee01	41.27	21.14
0	92.04	Bee07	32.58	3.36
0	92.04	Bee06	12.50	17.73
0	92.04	Bee03	2.12	0.41
0	92.04	Bee04	23.11	10.67
0	92.04	Bee05	35.52	30.40
0	92.04	Bee02	20.25	48.57
0	92.04	Bee00	8.80	2.17
0	93.04	Bee09	11.59	43.49
0	93.04	Bee08	2.13	0.53
0	93.04	Bee01	39.97	22.69
0	93.04	Bee07	34.03	1.94
0	93.04	Bee06	13.62	16.04
0	93.04	Bee03	2.92	1.01
0	93.04	Bee04	24.99	9.93
0	93.04	Bee05	34.29	32.01
0	93.04	Bee02	18.65	47.32
0	93.04	Bee00	10.55	3.18
0	94.04	Bee09	12.20	45.43
0	94.04	Bee08	1.23	0.95
0	94.04	Bee01	38.66	24.25
0	94.04	Bee07	35.00	0.99
0	94.04	Bee06	14.74	14.34
0	94.04	Bee03	4.34	2.47
0	94.04	Bee04	26.89	9.18
0	94.04	Bee05	33.06	33.62
0	94.04	Bee02	17.05	46.06
0	94.04	Bee00	12.31	4.20
0	95.01	Bee09	12.80	47.35
0	95.01	Bee08	0.81	1.45
0	95.01	Bee01	37.37	25.80
0	95.01	Bee07	35.33	0.93
0	95.01	Bee06	15.84	12.66
0	95.01	Bee03	5.74	3.91
0	95.01	Bee04	28.76	8.44
0	95.01	Bee05	31.83	35.22
0	95.01	Bee02	15.47	44.81
0	95.01	Bee00	14.06	5.21
0	96.02	Bee09	13.41	49.28
0	96.02	Bee08	0.87	1.78
0	96.02	Bee01	36.07	27.35
0	96.02	Bee07	37.29	1.44
0	96.02	Bee06	16.96	10.96
0	96.02	Bee03	7.16	5.36
0	96.02	Bee04	30.64	7.69
0	96.02	Bee05	30.60	36.83
0	96.02	Bee02	13.88	43.56
0	96.02	Bee00	15.81	6.23
0	97.03	Bee09	13.41	49.28
0	97.03	Bee08	1.65	2.89
0	97.03	Bee01	34.77	28.90
0	97.03	Bee07	39.24	1.96
0	97.03	Bee06	18.07	9.28
0	97.03	Bee03	8.57	6.81
0	97.03	Bee04	32.52	6.94
0	97.03	Bee05	29.37	38.44
0	97.03	Bee02	12.29	42.31
0	97.03	Bee00	17.56	7.24
0	98.04	Bee09	13.73	49.41
0	98.04	Bee08	2.63	4.27
0	98.04	Bee01	33.68	30.20
0	98.04	Bee07	40.88	2.39
0	98.04	Bee06	18.63	8.43
0	98.04	Bee03	9.76	8.02
0	98.04	Bee04	34.10	6.32
0	98.04	Bee05	28.34	39.78
0	98.04	Bee02	10.95	41.26
0	98.04	Bee00	18.44	7.75
0	99.04	Bee09	14.60	48.93
0	99.04	Bee08	3.81	5.93
0	99.04	Bee01	32.38	31.76
0	99.04	Bee07	42.85	2.90
0	99.04	Bee06	18.92	8.25
0	99.04	Bee03	11.18	9.48
0	99.04	Bee04	35.99	5.57
0	99.04	Bee05	27.10	41.40
0	99.04	Bee02	9.36	40.00
0	99.04	Bee00	18.78	7.78
0	100.04	Bee09	16.20	47.71
0	100.04	Bee08	4.98	7.57
0	100.04	Bee01	31.09	33.31
0	100.04	Bee07	44.80	3.41
0	100.04	Bee06	20.59	8.07
0	100.04	Bee03	12.59	10.92
0	100.04	Bee04	37.86	4.83
0	100.04	Bee05	25.88	43.00
0	100.04	Bee02	7.77	38.76
0	100.04	Bee00	20.36	7.18
0	101.04	Bee09	17.82	46.47
0	101.04	Bee08	6.15	9.23
0	101.04	Bee01	29.78	34.87
0	101.04	Bee07	46.77	3.93
0	101.04	Bee06	22.62	7.86
0	101.04	Bee03	14.01	12.37
0	101.04	Bee04	39.76	4.08
0	101.04	Bee05	24.64	44.62
0	101.04	Bee02	6.17	37.50
0	101.04	Bee00	22.26	6.47
0	102.04	Bee09	19.44	45.24
0	102.04	Bee08	7.33	10.89
0	102.04	Bee01	28.48	36.43
0	102.04	Bee07	48.73	4.44
0	102.04	Bee06	24.64	7.65
0	102.04	Bee03	15.43	13.83
0	102.04	Bee04	41.65	3.33
0	102.04	Bee05	23.41	46.23
0	102.04	Bee02	4.57	36.24
0	102.04	Bee00	24.17	5.75
0	103.04	Bee09	21.06	44.01
0	103.04	Bee08	8.51	12.55
0	103.04	Bee01	27.17	37.99
0	103.04	Bee07	49.06	4.53
0	103.04	Bee06	26.66	7.44
0	103.04	Bee03	16.85	15.28
0	103.04	Bee04	43.54	2.58
0	103.04	Bee05	22.17	47.85
0	103.04	Bee02	2.98	34.99
0	103.04	Bee00	26.07	5.03
0	104.04	Bee09	22.67	42.78
0	104.04	Bee08	9.68	14.21
0	104.04	Bee01	25.87	39.54
0	104.04	Bee07	49.34	4.33
0	104.04	Bee06	28.68	7.23
0	104.04	Bee03	18.27	16.74
0	104.04	Bee04	45.42	1.83
0	104.04	Bee05	21.14	49.19
0	104.04	Bee02	1.38	33.73
0	104.04	Bee00	27.97	4.32
0	105.04	Bee09	24.27	41.56
0	105.04	Bee08	10.84	15.85
0	105.04	Bee01	24.58	41.09
0	105.04	Bee07	49.36	3.99
0	105.04	Bee06	30.68	7.02
0	105.04	Bee03	19.67	18.17
0	105.04	Bee04	47.29	1.09
0	105.04	Bee05	20.82	49.30
0	105.04	Bee02	0.86	33.32
0	105.04	Bee00	29.85	3.61
0	106.04	Bee09	24.61	41.54
0	106.04	Bee08	12.01	17.50
0	106.04	Bee01	24.58	41.09
0	106.04	Bee07	48.52	2.53
0	106.04	Bee06	32.69	6.81
0	106.04	Bee03	21.09	19.62
0	106.04	Bee04	48.27	1.01
0	106.04	Bee05	20.49	49.22
0	106.04	Bee02	0.84	32.67
0	106.04	Bee00	31.74	2.89
0	107.00	Bee09	25.24	41.80
0	107.00	Bee08	13.19	19.16
0	107.00	Bee01	22.88	41.07
0	107.00	Bee07	48.35	2.24
0	107.00	Bee06	34.72	6.60
0	107.00	Bee03	22.51	21.08
0	107.00	Bee04	49.29	1.08
0	107.00	Bee05	18.93	47.92
0	107.00	Bee02	1.51	31.90
0	107.00	Bee00	33.65	2.18
0	108.03	Bee09	27.14	42.56
0	108.03	Bee08	14.38	20.83
0	108.03	Bee01	20.83	41.05
0	108.03	Bee07	46.50	1.34
0	108.03	Bee06	36.76	6.39
0	108.03	Bee03	23.94	22.55
0	108.03	Bee04	49.48	1.36
0	108.03	Bee05	17.35	46.61
0	108.03	Bee02	2.85	30.35
0	108.03	Bee00	35.57	1.45
0	109.04	Bee09	28.71	43.19
0	109.04	Bee08	15.36	22.21
0	109.04	Bee01	19.14	41.03
0	109.04	Bee07	45.58	0.90
0	109.04	Bee06	38.45	6.21
0	109.04	Bee03	25.13	23.76
0	109.04	Bee04	49.39	1.68
0	109.04	Bee05	16.05	45.52
0	109.04	Bee02	3.97	29.08
0	109.04	Bee00	36.84	0.98
0	110.04	Bee09	30.58	43.94
0	110.04	Bee08	16.52	23.86
0	110.04	Bee01	17.13	41.01
0	110.04	Bee07	45.25	0.94
0	110.04	Bee06	40.45	6.00
0	110.04	Bee03	26.53	25.20
0	110.04	Bee04	48.73	2.44
0	110.04	Bee05	14.51	44.23
0	110.04	Bee02	5.28	27.56
0	110.04	Bee00	38.17	1.09
0	111.04	Bee09	32.45	44.69
0	111.04	Bee08	17.69	25.50
0	111.04	Bee01	15.11	40.99
0	111.04	Bee07	43.56	2.03
0	111.04	Bee06	42.45	5.79
0	111.04	Bee03	27.94	26.64
0	111.04	Bee04	47.40	3.96
0	111.04	Bee05	12.96	42.94
0	111.04	Bee02	6.61	26.03
0	111.04	Bee00	40.18	1.25
0	112.04	Bee09	34.33	45.44
0	112.04	Bee08	18.86	27.15
0	112.04	Bee01	13.09	40.97
0	112.04	Bee07	41.86	3.13
0	112.04	Bee06	44.46	5.58
0	112.04	Bee03	29.35	28.08
0	112.04	Bee04	46.08	5.49
0	112.04	Bee05	11.40	41.65
0	112.04	Bee02	7.93	24.51
0	112.04	Bee00	42.19	1.41
0	113.04	Bee09	36.20	46.20
0	113.04	Bee08	20.02	28.79
0	113.04	Bee01	12.08	40.96
0	113.04	Bee07	40.17	4.22
0	113.04	Bee06	44.79	5.55
0	113.04	Bee03	30.76	29.53
0	113.04	Bee04	45.64	5.99
0	113.04	Bee05	9.86	40.36
0	113.04	Bee02	9.25	22.99
0	113.04	Bee00	44.20	1.58
0	114.04	Bee09	38.09	46.95
0	114.04	Bee08	21.20	30.45
0	114.04	Bee01	11.65	41.48
0	114.04	Bee07	38.46	5.33
0	114.04	Bee06	45.03	5.79
0	114.04	Bee03	32.18	30.98
0	114.04	Bee04	45.08	7.95
0	114.04	Bee05	8.29	39.06
0	114.04	Bee02	10.59	21.45
0	114.04	Bee00	46.23	1.74
0	115.04	Bee09	39.97	47.71
0	115.04	Bee08	22.37	32.11
0	115.04	Bee01	10.35	43.04
0	115.04	Bee07	36.75	6.43
0	115.04	Bee06	46.36	6.04
0	115.04	Bee03	33.60	32.44
0	115.04	Bee04	44.53	9.90
0	115.04	Bee05	6.73	37.76
0	115.04	Bee02	11.92	19.92
0	115.04	Bee00	48.26	1.91
0	116.04	Bee09	41.86	48.47
0	116.04	Bee08	23.55	33.77
0	116.04	Bee01	9.04	44.61
0	116.04	Bee07	35.04	7.53
0	116.04	Bee06	48.36	6.43
0	116.04	Bee03	35.03	33.89
0	116.04	Bee04	43.97	11.86
0	116.04	Bee05	5.16	36.46
0	116.04	Bee02	13.25	18.38
0	116.04	Bee00	49.27	1.99
0	117.04	Bee09	43.41	49.09
0	117.04	Bee08	24.72	35.41
0	117.04	Bee01	7.76	46.15
0	117.04	Bee07	33.35	8.63
0	117.04	Bee06	49.02	6.55
0	117.04	Bee03	36.43	35.33
0	117.04	Bee04	43.42	13.80
0	117.04	Bee05	3.62	35.17
0	117.04	Bee02	14.57	16.86
0	117.04	Bee00	49.50	1.75
0	118.04	Bee09	43.77	49.07
0	118.04	Bee08	25.90	37.08
0	118.04	Bee01	6.45	47.72
0	118.04	Bee07	31.64	9.73
0	118.04	Bee06	49.19	6.86
0	118.04	Bee03	37.86	36.79
0	118.04	Bee04	42.87	15.76
0	118.04	Bee05	2.05	33.87
0	118.04	Bee02	15.91	15.32
0	118.04	Bee00	49.46	1.42
0	119.04	Bee09	45.53	48.10
0	119.04	Bee08	27.06	38.72
0	119.04	Bee01	5.37	49.01
0	119.04	Bee07	29.95	10.82
0	119.04	Bee06	48.99	7.49
0	119.04	Bee03	39.26	38.23
0	119.04	Bee04	42.32	17.70
0	119.04	Bee05	0.76	32.79
0	119.04	Bee02	17.23	13.80
0	119.04	Bee00	49.02	0.91
0	120.00	Bee09	47.30	47.14
0	120.00	Bee08	28.22	40.36
0	120.00	Bee01	5.05	49.11
0	120.00	Bee07	28.26	11.92
0	120.00	Bee06	47.98	9.23
0	120.00	Bee03	40.67	39.67
0	120.00	Bee04	41.77	19.63
0	120.00	Bee05	0.76	32.45
0	120.00	Bee02	18.55	12.28
0	120.00	Bee00	48.70	0.83
0	121.01	Bee09	49.07	46.16
0	121.01	Bee08	29.40	42.02
0	121.01	Bee01	4.44	48.87
0	121.01	Bee07	26.55	13.02
0	121.01	Bee06	46.96	10.98
0	121.01	Bee03	42.09	41.12
0	121.01	Bee04	41.22	21.59
0	121.01	Bee05	1.19	31.54
0	121.01	Bee02	19.88	10.75
0	121.01	Bee00	47.41	1.25
0	122.03	Bee09	49.23	45.86
0	122.03	Bee08	30.57	43.66
0	122.03	Bee01	2.77	47.74
0	122.03	Bee07	24.85	14.11
0	122.03	Bee06	45.95	12.73
0	122.03	Bee03	43.50	42.57
0	122.03	Bee04	40.66	23.53
0	122.03	Bee05	2.06	29.71
0	122.03	Bee02	21.21	9.22
0	122.03	Bee00	45.49	1.88
0	123.04	Bee09	49.20	45.53
0	123.04	Bee08	31.55	45.05
0	123.04	Bee01	1.37	46.79
0	123.04	Bee07	23.43	15.03
0	123.04	Bee06	45.09	14.19
0	123.04	Bee03	44.68	43.78
0	123.04	Bee04	40.20	25.16
0	123.04	Bee05	2.78	28.18
0	123.04	Bee02	22.32	7.94
0	123.04	Bee00	43.88	2.40
0	124.04	Bee09	48.48	44.38
0	124.04	Bee08	32.72	46.70
0	124.04	Bee01	0.80	46.41
0	124.04	Bee07	21.72	16.13
0	124.04	Bee06	44.07	15.94
0	124.04	Bee03	46.10	45.23
0	124.04	Bee04	39.65	27.11
0	124.04	Bee05	3.65	26.35
0	124.04	Bee02	23.65	6.41
0	124.04	Bee00	41.96	3.04
0	125.04	Bee09	47.42	42.66
0	125.04	Bee08	33.89	48.36
0	125.04	Bee01	0.77	46.07
0	125.04	Bee07	20.02	17.23
0	125.04	Bee06	43.05	17.70
0	125.04	Bee03	47.52	46.68
0	125.04	Bee04	39.10	29.06
0	125.04	Bee05	4.52	24.51
0	125.04	Bee02	24.98	4.88
0	125.04	Bee00	40.03	3.67
0	126.04	Bee09	46.36	40.95
0	126.04	Bee08	34.48	49.18
0	126.04	Bee01	1.46	44.18
0	126.04	Bee07	18.34	18.32
0	126.04	Bee06	42.05	19.43
0	126.04	Bee03	48.92	48.12
0	126.04	Bee04	38.55	30.99
0	126.04	Bee05	5.38	22.70
0	126.04	Bee02	26.29	3.37
0	126.04	Bee00	38.12	4.29
0	127.04	Bee09	45.30	39.23
0	127.04	Bee08	34.79	49.30
0	127.04	Bee01	2.15	42.28
0	127.04	Bee07	16.63	19.42
0	127.04	Bee06	41.03	21.18
0	127.04	Bee03	49.21	48.69
0	127.04	Bee04	38.00	32.94
0	127.04	Bee05	6.25	20.87
0	127.04	Bee02	27.62	1.84
0	127.04	Bee00	36.20	4.92
0	128.04	Bee09	44.22	37.50
0	128.04	Bee08	35.66	48.81
0	128.04	Bee01	2.85	40.37
0	128.04	Bee07	14.93	20.52
0	128.04	Bee06	40.00	22.94
0	128.04	Bee03	49.13	49.01
0	128.04	Bee04	37.44	34.90
0	128.04	Bee05	7.12	19.03
0	128.04	Bee02	28.51	0.81
0	128.04	Bee00	34.26	5.56
0	129.04	Bee09	43.17	35.79
0	129.04	Bee08	37.24	47.57
0	129.04	Bee01	3.53	38.49
0	129.04	Bee07	13.24	21.61
0	129.04	Bee06	38.99	24.67
0	129.04	Bee03	48.91	49.27
0	129.04	Bee04	36.90	36.83
0	129.04	Bee05	7.98	17.22
0	129.04	Bee02	28.83	0.72
0	129.04	Bee00	32.36	6.18
0	130.04	Bee09	42.11	34.08
0	130.04	Bee08	38.83	46.33
0	130.04	Bee01	4.22	36.59
0	130.04	Bee07	11.55	22.70
0	130.04	Bee06	37.98	26.42
0	130.04	Bee03	48.57	49.26
0	130.04	Bee04	36.35	38.77
0	130.04	Bee05	8.85	15.40
0	130.04	Bee02	29.40	1.06
0	130.04	Bee00	30.44	6.81
0	131.04	Bee09	41.05	32.38
0	131.04	Bee08	40.41	45.10
0	131.04	Bee01	4.91	34.71
0	131.04	Bee07	9.86	23.79
0	131.04	Bee06	36.97	28.15
0	131.04	Bee03	46.77	48.39
0	131.04	Bee04	35.80	40.70
0	131.04	Bee05	9.70	13.59
0	131.04	Bee02	30.86	2.43
0	131.04	Bee00	28.54	7.44
0	132.04	Bee09	39.98	30.64
0	132.04	Bee08	42.02	43.84
0	132.04	Bee01	5.61	32.79
0	132.04	Bee07	8.15	24.90
0	132.04	Bee06	35.94	29.91
0	132.04	Bee03	44.93	47.50
0	132.04	Bee04	35.24	42.66
0	132.04	Bee05	10.58	11.74
0	132.04	Bee02	32.34	3.83
0	132.04	Bee00	26.60	8.07
0	133.04	Bee09	38.92	28.93
0	133.04	Bee08	43.60	42.61
0	133.04	Bee01	6.29	30.90
0	133.04	Bee07	6.46	25.99
0	133.04	Bee06	34.94	31.65
0	133.04	Bee03	43.12	46.63
0	133.04	Bee04	34.69	44.59
0	133.04	Bee05	11.44	9.93
0	133.04	Bee02	33.81	5.21
0	133.04	Bee00	24.69	8.70
0	134.04	Bee09	37.85	27.21
0	134.04	Bee08	45.20	41.37
0	134.04	Bee01	6.98	29.00
0	134.04	Bee07	4.76	27.08
0	134.04	Bee06	33.92	33.40
0	134.04	Bee03	41.30	45.75
0	134.04	Bee04	34.14	46.54
0	134.04	Bee05	12.31	8.10
0	134.04	Bee02	35.28	6.60
0	134.04	Bee00	22.77	9.33
0	135.00	Bee09	36.78	25.48
0	135.00	Bee08	46.80	40.11
0	135.00	Bee01	7.68	27.09
0	135.00	Bee07	3.05	28.19
0	135.00	Bee06	32.90	35.16
0	135.00	Bee03	39.47	44.86
0	135.00	Bee04	33.59	48.50
0	135.00	Bee05	13.18	6.26
0	135.00	Bee02	36.76	7.99
0	135.00	Bee00	20.83	9.96
0	136.02	Bee09	35.71	23.75
0	136.02	Bee08	48.40	38.86
0	136.02	Bee01	8.38	25.18
0	136.02	Bee07	1.34	29.29
0	136.02	Bee06	31.87	36.91
0	136.02	Bee03	37.64	43.98
0	136.02	Bee04	33.40	49.15
0	136.02	Bee05	14.05	4.43
0	136.02	Bee02	38.24	9.39
0	136.02	Bee00	18.90	10.60
0	137.04	Bee09	34.64	22.02
0	137.04	Bee08	49.21	38.24
0	137.04	Bee01	9.07	23.26
0	137.04	Bee07	0.77	29.66
0	137.04	Bee06	30.85	38.67
0	137.04	Bee03	35.80	43.09
0	137.04	Bee04	33.60	49.43
0	137.04	Bee05	14.92	2.59
0	137.04	Bee02	39.72	10.78
0	137.04	Bee00	16.97	11.23
0	138.04	Bee09	33.75	20.59
0	138.04	Bee08	49.31	37.91
0	138.04	Bee01	9.65	21.68
0	138.04	Bee07	0.74	30.00
0	138.04	Bee06	30.00	40.13
0	138.04	Bee03	34.29	42.36
0	138.04	Bee04	33.93	49.45
0	138.04	Bee05	15.64	1.07
0	138.04	Bee02	40.95	11.94
0	138.04	Bee00	15.37	11.76
0	139.04	Bee09	32.69	18.87
0	139.04	Bee08	49.00	37.33
0	139.04	Bee01	10.34	19.78
0	139.04	Bee07	1.08	30.56
0	139.04	Bee06	28.98	41.88
0	139.04	Bee03	32.46	41.48
0	139.04	Bee04	34.23	49.28
0	139.04	Bee05	15.79	0.76
0	139.04	Bee02	42.42	13.33
0	139.04	Bee00	13.44	12.39
0	140.04	Bee09	31.62	17.14
0	140.04	Bee08	47.67	35.80
0	140.04	Bee01	11.04	17.87
0	140.04	Bee07	2.50	32.02
0	140.04	Bee06	27.96	43.64
0	140.04	Bee03	30.63	40.59
0	140.04	Bee04	35.21	47.90
0	140.04	Bee05	16.12	0.68
0	140.04	Bee02	43.90	14.72
0	140.04	Bee00	11.51	13.02
0	141.04	Bee09	30.56	15.43
0	141.04	Bee08	46.35	34.27
0	141.04	Bee01	11.73	15.97
0	141.04	Bee07	3.90	33.46
0	141.04	Bee06	26.95	45.38
0	141.04	Bee03	28.82	39.72
0	141.04	Bee04	36.37	46.25
0	141.04	Bee05	16.91	1.28
0	141.04	Bee02	45.37	16.10
0	141.04	Bee00	9.60	13.65
0	142.04	Bee09	29.46	13.66
0	142.04	Bee08	45.00	32.70
0	142.04	Bee01	12.44	14.02
0	142.04	Bee07	5.35	34.95
0	142.04	Bee06	25.90	47.17
0	142.04	Bee03	26.95	38.82
0	142.04	Bee04	37.56	44.55
0	142.04	Bee05	18.37	2.75
0	142.04	Bee02	46.88	17.53
0	142.04	Bee00	7.62	14.29
0	143.04	Bee09	28.39	11.93
0	143.04	Bee08	43.67	31.16
0	143.04	Bee01	13.13	12.11
0	143.04	Bee07	6.77	36.41
0	143.04	Bee06	24.88	48.93
0	143.04	Bee03	25.12	37.93
0	143.04	Bee04	38.73	42.89
0	143.04	Bee05	19.80	4.19
0	143.04	Bee02	48.36	18.92
0	143.04	Bee00	5.69	14.93
0	144.04	Bee09	27.33	10.21
0	144.04	Bee08	42.34	29.63
0	144.04	Bee01	13.83	10.21
0	144.04	Bee07	8.18	37.86
0	144.04	Bee06	24.71	49.22
0	144.04	Bee03	23.29	37.05
0	144.04	Bee04	39.90	41.23
0	144.04	Bee05	21.23	5.63
0	144.04	Bee02	49.10	19.62
0	144.04	Bee00	3.76	15.56
0	145.04	Bee09	26.27	8.50
0	145.04	Bee08	41.02	28.11
0	145.04	Bee01	14.51	8.31
0	145.04	Bee07	9.58	39.31
0	145.04	Bee06	24.83	49.54
0	145.04	Bee03	21.48	36.17
0	145.04	Bee04	41.06	39.59
0	145.04	Bee05	22.65	7.06
0	145.04	Bee02	49.10	20.28
0	145.04	Bee00	1.85	16.19
0	146.01	Bee09	25.19	6.77
0	146.01	Bee08	39.69	26.57
0	146.01	Bee01	15.21	6.40
0	146.01	Bee07	11.00	40.77
0	146.01	Bee06	24.83	49.54
0	146.01	Bee03	19.65	35.29
0	146.01	Bee04	42.23	37.92
0	146.01	Bee05	24.08	8.51
0	146.01	Bee02	48.49	21.09
0	146.01	Bee00	0.89	16.50
0	147.04	Bee09	24.11	5.02
0	147.04	Bee08	38.35	25.01
0	147.04	Bee01	15.91	4.47
0	147.04	Bee07	12.44	42.24
0	147.04	Bee06	24.83	49.54
0	147.04	Bee03	17.80	34.39
0	147.04	Bee04	43.42	36.24
0	147.04	Bee05	25.53	9.96
0	147.04	Bee02	47.24	22.72
0	147.04	Bee00	0.61	16.32
0	148.04	Bee09	23.22	3.58
0	148.04	Bee08	37.24	23.73
0	148.04	Bee01	16.49	2.88
0	148.04	Bee07	13.62	43.45
0	148.04	Bee06	24.49	49.60
0	148.04	Bee03	16.27	33.66
0	148.04	Bee04	44.39	34.86
0	148.04	Bee05	26.72	11.17
0	148.04	Bee02	46.21	24.06
0	148.04	Bee00	0.57	15.98
0	149.04	Bee09	22.15	1.85
0	149.04	Bee08	35.91	22.19
0	149.04	Bee01	17.19	0.96
0	149.04	Bee07	15.04	44.91
0	149.04	Bee06	24.19	49.46
0	149.04	Bee03	14.44	32.77
0	149.04	Bee04	45.56	33.19
0	149.04	Bee05	28.16	12.61
0	149.04	Bee02	44.97	25.68
0	149.04	Bee00	0.74	15.67
0	150.04	Bee09	21.44	0.71
0	150.04	Bee08	34.59	20.67
0	150.04	Bee01	17.30	0.65
0	150.04	Bee07	16.44	46.36
0	150.04	Bee06	22.90	47.92
0	150.04	Bee03	12.63	31.89
0	150.04	Bee04	46.72	31.55
0	150.04	Bee05	29.58	14.04
0	150.04	Bee02	43.74	27.28
0	150.04	Bee00	1.81	14.87
0	151.04	Bee09	21.44	0.71
0	151.04	Bee08	33.28	19.15
0	151.04	Bee01	17.06	0.42
0	151.04	Bee07	17.83	47.79
0	151.04	Bee06	21.61	46.38
0	151.04	Bee03	10.82	31.02
0	151.04	Bee04	47.88	29.91
0	151.04	Bee05	30.99	15.46
0	151.04	Bee02	42.53	28.87
0	151.04	Bee00	3.41	13.67
0	152.04	Bee09	21.59	0.41
0	152.04	Bee08	31.96	17.62
0	152.04	Bee01	17.06	0.42
0	152.04	Bee07	19.25	49.25
0	152.04	Bee06	20.31	44.83
0	152.04	Bee03	9.00	30.14
0	152.04	Bee04	49.04	28.25
0	152.04	Bee05	32.41	16.90
0	152.04	Bee02	41.29	30.48
0	152.04	Bee00	5.03	12.46
0	153.04	Bee09	21.59	0.41
0	153.04	Bee08	31.96	17.62
0	153.04	Bee01	17.06	0.42
0	153.04	Bee07	19.57	49.32
0	153.04	Bee06	19.01	43.27
0	153.04	Bee03	7.16	29.26
0	153.04	Bee04	49.05	27.92
0	153.04	Bee05	32.41	16.90
0	153.04	Bee02	40.06	32.09
0	153.04	Bee00	6.66	11.24
0	154.04	Bee09	21.59	0.41
0	154.04	Bee08	31.96	17.62
0	154.04	Bee01	17.06	0.42
0	154.04	Bee07	19.89	49.19
0	154.04	Bee06	17.70	41.71
0	154.04	Bee03	5.33	28.37
0	154.04	Bee04	48.49	26.69
0	154.04	Bee05	32.41	16.90
0	154.04	Bee02	38.82	33.71
0	154.04	Bee00	8.29	10.02
0	155.04	Bee09	21.26	0.42
0	155.04	Bee08	31.96	17.62
0	155.04	Bee01	17.06	0.42
0	155.04	Bee07	21.02	47.95
0	155.04	Bee06	16.41	40.16
0	155.04	Bee03	3.52	27.50
0	155.04	Bee04	47.66	24.85
0	155.04	Bee05	32.41	16.90
0	155.04	Bee02	37.60	35.31
0	155.04	Bee00	9.90	8.81
0	156.04	Bee09	20.98	0.61
0	156.04	Bee08	31.96	17.62
0	156.04	Bee01	17.40	0.41
0	156.04	Bee07	22.39	46.46
0	156.04	Bee06	15.12	38.62
0	156.04	Bee03	1.71	26.62
0	156.04	Bee04	46.83	23.02
0	156.04	Bee05	32.41	16.90
0	156.04	Bee02	36.37	36.91
0	156.04	Bee00	11.52	7.60
0	157.04	Bee09	20.31	1.79
0	157.04	Bee08	31.96	17.62
0	157.04	Bee01	17.86	0.88
0	157.04	Bee07	23.76	44.97
0	157.04	Bee06	13.81	37.06
0	157.04	Bee03	0.79	26.18
0	157.04	Bee04	45.99	21.16
0	157.04	Bee05	32.41	16.90
0	157.04	Bee02	35.13	38.52
0	157.04	Bee00	13.15	6.38
0	158.00	Bee09	19.29	3.55
0	158.00	Bee08	31.96	17.62
0	158.00	Bee01	18.77	2.31
0	158.00	Bee07	25.14	43.47
0	158.00	Bee06	12.51	35.50
0	158.00	Bee03	0.48	26.32
0	158.00	Bee04	45.15	19.31
0	158.00	Bee05	32.41	16.90
0	158.00	Bee02	33.90	40.14
0	158.00	Bee00	14.78	5.16
0	159.02	Bee09	18.28	5.31
0	159.02	Bee08	31.96	17.62
0	159.02	Bee01	18.75	2.98
0	159.02	Bee07	26.51	41.97
0	159.02	Bee06	11.20	33.94
0	159.02	Bee03	0.48	26.32
0	159.02	Bee04	44.31	17.46
0	159.02	Bee05	32.41	16.90
0	159.02	Bee02	32.66	41.75
0	159.02	Bee00	16.40	3.95
0	160.03	Bee09	17.28	7.06
0	160.03	Bee08	31.96	17.62
0	160.03	Bee01	18.68	5.00
0	160.03	Bee07	27.87	40.49
0	160.03	Bee06	9.91	32.39
0	160.03	Bee03	0.48	26.32
0	160.03	Bee04	43.48	15.63
0	160.03	Bee05	32.41	16.90
0	160.03	Bee02	31.44	43.35
0	160.03	Bee00	18.01	2.74
0	161.04	Bee09	16.44	8.54
0	161.04	Bee08	31.96	17.62
0	161.04	Bee01	18.63	6.70
0	161.04	Bee07	29.02	39.24
0	161.04	Bee06	8.82	31.09
0	161.04	Bee03	0.40	25.99
0	161.04	Bee04	42.78	14.08
0	161.04	Bee05	32.41	16.90
0	161.04	Bee02	30.40	44.70
0	161.04	Bee00	19.37	1.72
0	162.04	Bee09	15.43	10.29
0	162.04	Bee08	31.96	17.62
0	162.04	Bee01	18.57	8.72
0	162.04	Bee07	30.39	37.74
0	162.04	Bee06	7.52	29.54
0	162.04	Bee03	0.52	25.67
0	162.04	Bee04	41.94	12.23
0	162.04	Bee05	32.41	16.90
0	162.04	Bee02	29.17	46.31
0	162.04	Bee00	20.46	0.91
0	163.04	Bee09	14.42	12.06
0	163.04	Bee08	31.96	17.62
0	163.04	Bee01	18.51	10.76
0	163.04	Bee07	31.77	36.24
0	163.04	Bee06	6.21	27.97
0	163.04	Bee03	1.49	24.73
0	163.04	Bee04	41.10	10.38
0	163.04	Bee05	32.41	16.90
0	163.04	Bee02	27.93	47.93
0	163.04	Bee00	20.80	0.89
0	164.04	Bee09	13.41	13.82
0	164.04	Bee08	31.96	17.62
0	164.04	Bee01	18.45	12.78
0	164.04	Bee07	33.14	34.75
0	164.04	Bee06	4.91	26.43
0	164.04	Bee03	2.94	23.32
0	164.04	Bee04	40.26	8.54
0	164.04	Bee05	32.41	16.90
0	164.04	Bee02	26.91	49.27
0	164.04	Bee00	22.66	1.66
0	165.04	Bee09	12.40	15.58
0	165.04	Bee08	31.96	17.62
0	165.04	Bee01	18.39	14.81
0	165.04	Bee07	34.51	33.26
0	165.04	Bee06	3.61	24.87
0	165.04	Bee03	4.39	21.90
0	165.04	Bee04	39.43	6.69
0	165.04	Bee05	32.73	17.01
0	165.04	Bee02	26.57	49.28
0	165.04	Bee00	24.54	2.44
0	166.04	Bee09	11.40	17.33
0	166.04	Bee08	31.96	17.62
0	166.04	Bee01	18.33	16.83
0	166.04	Bee07	35.88	31.77
0	166.04	Bee06	2.31	23.32
0	166.04	Bee03	5.84	20.49
0	166.04	Bee04	38.59	4.85
0	166.04	Bee05	34.63	17.70
0	166.04	Bee02	25.64	48.87
0	166.04	Bee00	26.41	3.21
0	167.04	Bee09	10.39	19.10
0	167.04	Bee08	31.96	17.62
0	167.04	Bee01	18.27	18.86
0	167.04	Bee07	37.25	30.27
0	167.04	Bee06	1.01	21.76
0	167.04	Bee03	7.30	19.07
0	167.04	Bee04	37.75	2.99
0	167.04	Bee05	36.55	18.39
0	167.04	Bee02	23.77	48.07
0	167.04	Bee00	28.29	3.99
0	168.04	Bee09	9.37	20.86
0	168.04	Bee08	31.96	17.62
0	168.04	Bee01	18.21	20.90
0	168.04	Bee07	38.63	28.77
0	168.04	Bee06	0.76	21.16
0	168.04	Bee03	8.76	17.65
0	168.04	Bee04	36.91	1.14
0	168.04	Bee05	38.46	19.08
0	168.04	Bee02	21.90	47.26
0	168.04	Bee00	30.17	4.77
0	169.04	Bee09	8.36	22.63
0	169.04	Bee08	31.96	17.62
0	169.04	Bee01	18.15	22.93
0	169.04	Bee07	40.00	27.27
0	169.04	Bee06	1.10	20.21
0	169.04	Bee03	10.22	16.24
0	169.04	Bee04	36.77	0.83
0	169.04	Bee05	40.38	19.77
0	169.04	Bee02	20.03	46.46
0	169.04	Bee00	32.05	5.55
0	170.01	Bee09	7.35	24.39
0	170.01	Bee08	30.97	17.35
0	170.01	Bee01	18.09	24.96
0	170.01	Bee07	41.38	25.77
0	170.01	Bee06	1.78	18.29
0	170.01	Bee03	11.68	14.82
0	170.01	Bee04	36.45	0.75
0	170.01	Bee05	42.29	20.45
0	170.01	Bee02	18.16	45.66
0	170.01	Bee00	33.93	6.33
0	171.03	Bee09	6.34	26.16
0	171.03	Bee08	29.01	16.81
0	171.03	Bee01	18.03	27.00
0	171.03	Bee07	42.76	24.27
0	171.03	Bee06	2.46	16.37
0	171.03	Bee03	13.13	13.40
0	171.03	Bee04	35.64	1.34
0	171.03	Bee05	44.20	21.14
0	171.03	Bee02	16.29	44.85
0	171.03	Bee00	35.81	7.10
0	172.04	Bee09	5.50	27.63
0	172.04	Bee08	27.38	16.37
0	172.04	Bee01	17.97	28.69
0	172.04	Bee07	43.90	23.02
0	172.04	Bee06	3.03	14.78
0	172.04	Bee03	14.35	12.22
0	172.04	Bee04	34.44	2.53
0	172.04	Bee05	45.80	21.72
0	172.04	Bee02	14.74	44.18
0	172.04	Bee00	37.37	7.75
0	173.04	Bee09	4.49	29.39
0	173.04	Bee08	25.42	15.83
0	173.04	Bee01	17.91	30.72
0	173.04	Bee07	45.27	21.53
0	173.04	Bee06	3.71	12.86
0	173.04	Bee03	15.80	10.80
0	173.04	Bee04	32.99	3.95
0	173.04	Bee05	47.71	22.40
0	173.04	Bee02	12.87	43.38
0	173.04	Bee00	39.25	8.53
0	174.04	Bee09	3.48	31.14
0	174.04	Bee08	23.47	15.30
0	174.04	Bee01	17.85	32.74
0	174.04	Bee07	46.64	20.04
0	174.04	Bee06	4.39	10.96
0	174.04	Bee03	17.25	9.39
0	174.04	Bee04	31.56	5.37
0	174.04	Bee05	49.28	22.97
0	174.04	Bee02	11.02	42.58
0	174.04	Bee00	41.11	9.30
0	175.04	Bee09	2.47	32.91
0	175.04	Bee08	21.51	14.76
0	175.04	Bee01	17.79	34.77
0	175.04	Bee07	48.02	18.54
0	175.04	Bee06	5.07	9.04
0	175.04	Bee03	18.71	7.97
0	175.04	Bee04	30.11	6.80
0	175.04	Bee05	49.57	22.79
0	175.04	Bee02	9.15	41.78
0	175.04	Bee00	43.00	10.08
0	176.04	Bee09	1.47	34.66
0	176.04	Bee08	19.56	14.23
0	176.04	Bee01	17.73	36.79
0	176.04	Bee07	49.15	17.31
0	176.04	Bee06	5.74	7.14
0	176.04	Bee03	20.15	6.57
0	176.04	Bee04	28.67	8.22
0	176.04	Bee05	49.57	22.79
0	176.04	Bee02	7.30	40.98
0	176.04	Bee00	44.86	10.85
0	177.04	Bee09	0.80	35.83
0	177.04	Bee08	17.61	13.69
0	177.04	Bee01	17.67	38.82
0	177.04	Bee07	49.20	16.97
0	177.04	Bee06	6.43	5.23
0	177.04	Bee03	21.61	5.15
0	177.04	Bee04	27.23	9.65
0	177.04	Bee05	49.57	22.45
0	177.04	Bee02	5.43	40.18
0	177.04	Bee00	46.73	11.63
0	178.04	Bee09	0.82	36.17
0	178.04	Bee08	15.65	13.16
0	178.04	Bee01	17.61	40.84
0	178.04	Bee07	48.88	16.40
0	178.04	Bee06	7.10	3.32
0	178.04	Bee03	23.06	3.74
0	178.04	Bee04	25.79	11.07
0	178.04	Bee05	49.09	22.01
0	178.04	Bee02	3.57	39.38
0	178.04	Bee00	48.61	12.40
0	179.04	Bee09	1.47	37.33
0	179.04	Bee08	14.36	12.80
0	179.04	Bee01	17.57	42.18
0	179.04	Bee07	47.99	15.41
0	179.04	Bee06	7.55	2.06
0	179.04	Bee03	24.02	2.81
0	179.04	Bee04	24.84	12.01
0	179.04	Bee05	47.94	21.33
0	179.04	Bee02	2.34	38.85
0	179.04	Bee00	49.22	12.66
0	180.04	Bee09	1.97	38.22
0	180.04	Bee08	12.39	12.26
0	180.04	Bee01	17.51	44.22
0	180.04	Bee07	46.62	13.89
0	180.04	Bee06	7.89	1.10
0	180.04	Bee03	25.48	1.38
0	180.04	Bee04	23.38	13.45
0	180.04	Bee05	46.18	20.29
0	180.04	Bee02	1.40	38.44
0	180.04	Bee00	49.22	12.66
0	181.04	Bee09	1.97	38.22
0	181.04	Bee08	10.46	11.73
0	181.04	Bee01	17.45	46.23
0	181.04	Bee07	45.27	12.40
0	181.04	Bee06	7.89	1.10
0	181.04	Bee03	26.20	0.68
0	181.04	Bee04	21.96	14.86
0	181.04	Bee05	44.45	19.27
0	181.04	Bee02	1.40	38.44
0	181.04	Bee00	49.22	12.66
0	182.04	Bee09	1.26	40.09
0	182.04	Bee08	8.53	11.20
0	182.04	Bee01	17.39	48.23
0	182.04	Bee07	43.93	10.91
0	182.04	Bee06	8.83	0.75
0	182.04	Bee03	26.20	0.68
0	182.04	Bee04	20.53	16.26
0	182.04	Bee05	42.72	18.26
0	182.04	Bee02	0.51	38.89
0	182.04	Bee00	49.56	11.71
0	183.04	Bee09	0.91	41.03
0	183.04	Bee08	6.60	10.68
0	183.04	Bee01	17.36	49.23
0	183.04	Bee07	42.59	9.43
0	183.04	Bee06	8.83	0.75
0	183.04	Bee03	26.20	0.68
0	183.04	Bee04	19.11	17.67
0	183.04	Bee05	41.00	17.25
0	183.04	Bee02	0.51	38.89
0	183.04	Bee00	49.05	10.85
0	184.04	Bee09	1.05	43.02
0	184.04	Bee08	4.67	10.15
0	184.04	Bee01	17.36	49.23
0	184.04	Bee07	41.25	7.94
0	184.04	Bee06	10.57	1.74
0	184.04	Bee03	26.20	0.68
0	184.04	Bee04	17.69	19.07
0	184.04	Bee05	39.27	16.23
0	184.04	Bee02	0.51	38.89
0	184.04	Bee00	48.03	9.13
0	185.04	Bee09	1.19	45.04
0	185.04	Bee08	2.72	9.61
0	185.04	Bee01	16.37	49.46
0	185.04	Bee07	39.90	6.44
0	185.04	Bee06	12.33	2.74
0	185.04	Bee03	25.20	0.50
0	185.04	Bee04	16.25	20.50
0	185.04	Bee05	37.53	15.21
0	185.04	Bee02	0.72	39.88
0	185.04	Bee00	47.00	7.39
0	186.04	Bee09	1.34	47.04
0	186.04	Bee08	0.79	9.09
0	186.04	Bee01	16.37	49.46
0	186.04	Bee07	38.56	4.96
0	186.04	Bee06	14.07	3.72
0	186.04	Bee03	25.20	0.50
0	186.04	Bee04	14.82	21.90
0	186.04	Bee05	35.81	14.19
0	186.04	Bee02	1.92	41.47
0	186.04	Bee00	45.99	5.66
0	187.04	Bee09	1.48	49.06
0	187.04	Bee08	0.79	9.09
0	187.04	Bee01	14.74	48.24
0	187.04	Bee07	37.20	3.45
0	187.04	Bee06	15.84	4.73
0	187.04	Bee03	23.63	1.79
0	187.04	Bee04	13.38	23.33
0	187.04	Bee05	34.05	13.16
0	187.04	Bee02	3.15	43.09
0	187.04	Bee00	44.95	3.91
0	188.04	Bee09	1.48	49.06
0	188.04	Bee08	0.79	9.09
0	188.04	Bee01	13.12	47.02
0	188.04	Bee07	35.84	1.94
0	188.04	Bee06	17.60	5.73
0	188.04	Bee03	22.07	3.08
0	188.04	Bee04	11.94	24.76
0	188.04	Bee05	32.30	12.13
0	188.04	Bee02	4.38	44.71
0	188.04	Bee00	43.92	2.16
0	189.04	Bee09	1.48	49.06
0	189.04	Bee08	0.81	8.09
0	189.04	Bee01	11.52	45.82
0	189.04	Bee07	34.50	0.46
0	189.04	Bee06	19.34	6.72
0	189.04	Bee03	20.52	4.36
0	189.04	Bee04	10.51	26.16
0	189.04	Bee05	30.58	11.12
0	189.04	Bee02	5.59	46.30
0	189.04	Bee00	42.91	0.44
0	190.04	Bee09	2.52	49.25
0	190.04	Bee08	1.71	6.25
0	190.04	Bee01	9.88	44.59
0	190.04	Bee07	34.50	0.46
0	190.04	Bee06	21.12	7.73
0	190.04	Bee03	18.94	5.66
0	190.04	Bee04	9.06	27.60
0	190.04	Bee05	28.82	10.08
0	190.04	Bee02	6.82	47.93
0	190.04	Bee00	42.91	0.44
0	191.04	Bee09	3.28	48.61
0	191.04	Bee08	2.59	4.45
0	191.04	Bee01	8.28	43.40
0	191.04	Bee07	33.50	0.51
0	191.04	Bee06	22.86	8.72
0	191.04	Bee03	17.40	6.93
0	191.04	Bee04	7.63	29.01
0	191.04	Bee05	27.09	9.07
0	191.04	Bee02	8.03	49.53
0	191.04	Bee00	42.91	0.44
0	192.04	Bee09	4.84	47.31
0	192.04	Bee08	3.48	2.63
0	192.04	Bee01	6.65	42.18
0	192.04	Bee07	32.88	1.33
0	192.04	Bee06	24.62	9.72
0	192.04	Bee03	15.84	8.22
0	192.04	Bee04	6.19	30.43
0	192.04	Bee05	25.34	8.04
0	192.04	Bee02	8.03	49.53
0	192.04	Bee00	42.91	0.44
0	193.04	Bee09	6.38	46.02
0	193.04	Bee08	4.37	0.83
0	193.04	Bee01	5.05	40.97
0	193.04	Bee07	31.68	2.95
0	193.04	Bee06	26.37	10.71
0	193.04	Bee03	14.29	9.50
0	193.04	Bee04	4.76	31.85
0	193.04	Bee05	23.61	7.02
0	193.04	Bee02	8.03	49.53
0	193.04	Bee00	42.91	0.44
0	194.04	Bee09	7.92	44.74
0	194.04	Bee08	4.37	0.83
0	194.04	Bee01	3.45	39.77
0	194.04	Bee07	30.48	4.55
0	194.04	Bee06	28.11	11.70
0	194.04	Bee03	12.74	10.78
0	194.04	Bee04	3.34	33.25
0	194.04	Bee05	21.89	6.01
0	194.04	Bee02	8.03	49.53
0	194.04	Bee00	43.90	0.55
0	195.04	Bee09	9.46	43.45
0	195.04	Bee08	5.35	1.02
0	195.04	Bee01	1.84	38.57
0	195.04	Bee07	29.28	6.16
0	195.04	Bee06	29.86	12.69
0	195.04	Bee03	11.19	12.06
0	195.04	Bee04	1.91	34.66
0	195.04	Bee05	20.15	4.99
0	195.04	Bee02	8.03	49.53
0	195.04	Bee00	44.45	1.39
0	196.04	Bee09	11.00	42.17
0	196.04	Bee08	7.31	1.42
0	196.04	Bee01	1.04	37.97
0	196.04	Bee07	28.09	7.76
0	196.04	Bee06	31.60	13.68
0	196.04	Bee03	9.65	13.33
0	196.04	Bee04	0.49	36.07
0	196.04	Bee05	18.43	3.97
0	196.04	Bee02	7.03	49.55
0	196.04	Bee00	45.55	3.06
0	197.04	Bee09	12.55	40.87
0	197.04	Bee08	9.29	1.82
0	197.04	Bee01	0.55	37.06
0	197.04	Bee07	26.87	9.38
0	197.04	Bee06	33.36	14.68
0	197.04	Bee03	8.09	14.62
0	197.04	Bee04	0.49	36.07
0	197.04	Bee05	16.68	2.95
0	197.04	Bee02	6.35	48.78
0	197.04	Bee00	46.67	4.75
0	198.04	Bee09	14.09	39.59
0	198.04	Bee08	11.26	2.21
0	198.04	Bee01	0.55	37.06
0	198.04	Bee07	25.68	10.99
0	198.04	Bee06	35.10	15.66
0	198.04	Bee03	6.55	15.89
0	198.04	Bee04	0.58	37.06
0	198.04	Bee05	14.96	1.93
0	198.04	Bee02	5.03	47.29
0	198.04	Bee00	47.77	6.42
0	199.04	Bee09	15.63	38.30
0	199.04	Bee08	13.23	2.61
0	199.04	Bee01	0.93	36.13
0	199.04	Bee07	24.47	12.60
0	199.04	Bee06	36.85	16.65
0	199.04	Bee03	5.00	17.17
0	199.04	Bee04	1.59	38.80
0	199.04	Bee05	13.23	0.91
0	199.04	Bee02	3.70	45.78
0	199.04	Bee00	48.87	8.09
0	200.04	Bee09	17.19	36.99
0	200.04	Bee08	15.22	3.01
0	200.04	Bee01	1.69	34.24
0	200.04	Bee07	23.26	14.23
0	200.04	Bee06	38.62	17.66
0	200.04	Bee03	3.43	18.46
0	200.04	Bee04	2.62	40.56
0	200.04	Bee05	13.23	0.91
0	200.04	Bee02	2.35	44.26
0	200.04	Bee00	49.43	8.94
0	201.04	Bee09	18.74	35.70
0	201.04	Bee08	17.20	3.41
0	201.04	Bee01	2.44	32.37
0	201.04	Bee07	22.05	15.84
0	201.04	Bee06	40.37	18.65
0	201.04	Bee03	1.87	19.75
0	201.04	Bee04	3.64	42.30
0	201.04	Bee05	11.34	1.62
0	201.04	Bee02	1.01	42.75
0	201.04	Bee00	49.13	9.90
0	202.04	Bee09	20.28	34.42
0	202.04	Bee08	19.16	3.80
0	202.04	Bee01	3.18	30.51
0	202.04	Bee07	20.85	17.45
0	202.04	Bee06	42.11	19.64
0	202.04	Bee03	1.10	20.38
0	202.04	Bee04	4.64	44.02
0	202.04	Bee05	9.47	2.32
0	202.04	Bee02	1.01	42.75
0	202.04	Bee00	48.46	10.63
0	203.04	Bee09	21.81	33.14
0	203.04	Bee08	21.12	4.20
0	203.04	Bee01	3.93	28.66
0	203.04	Bee07	19.66	19.05
0	203.04	Bee06	43.85	20.63
0	203.04	Bee03	0.67	21.29
0	203.04	Bee04	5.65	45.75
0	203.04	Bee05	7.59	3.01
0	203.04	Bee02	0.73	41.79
0	203.04	Bee00	47.10	12.11
0	204.04	Bee09	23.35	31.86
0	204.04	Bee08	23.08	4.59
0	204.04	Bee01	4.67	26.80
0	204.04	Bee07	18.46	20.65
0	204.04	Bee06	45.59	21.62
0	204.04	Bee03	0.67	21.29
0	204.04	Bee04	6.66	47.48
0	204.04	Bee05	5.71	3.71
0	204.04	Bee02	1.28	40.95
0	204.04	Bee00	45.75	13.58
0	205.04	Bee09	24.88	30.57
0	205.04	Bee08	25.04	4.99
0	205.04	Bee01	5.41	24.94
0	205.04	Bee07	17.26	22.26
0	205.04	Bee06	47.33	22.60
0	205.04	Bee03	1.50	23.11
0	205.04	Bee04	7.67	49.21
0	205.04	Bee05	3.84	4.41
0	205.04	Bee02	2.39	39.29
0	205.04	Bee00	44.40	15.06
0	206.04	Bee09	26.43	29.29
0	206.04	Bee08	27.01	5.38
0	206.04	Bee01	6.16	23.07
0	206.04	Bee07	16.06	23.87
0	206.04	Bee06	49.08	23.60
0	206.04	Bee03	2.34	24.93
0	206.04	Bee04	7.67	49.21
0	206.04	Bee05	1.96	5.11
0	206.04	Bee02	3.49	37.61
0	206.04	Bee00	43.04	16.54
0	207.04	Bee09	27.99	27.98
0	207.04	Bee08	29.01	5.78
0	207.04	Bee01	6.92	21.19
0	207.04	Bee07	14.84	25.49
0	207.04	Bee06	49.08	23.60
0	207.04	Bee03	3.19	26.78
0	207.04	Bee04	8.67	49.37
0	207.04	Bee05	1.01	5.47
0	207.04	Bee02	4.62	35.91
0	207.04	Bee00	41.67	18.04
0	208.04	Bee09	29.52	26.70
0	208.04	Bee08	30.97	6.18
0	208.04	Bee01	7.66	19.33
0	208.04	Bee07	13.65	27.10
0	208.04	Bee06	49.25	24.58
0	208.04	Bee03	4.02	28.60
0	208.04	Bee04	9.43	48.72
0	208.04	Bee05	1.01	5.47
0	208.04	Bee02	5.72	34.25
0	208.04	Bee00	40.31	19.51
0	209.04	Bee09	31.06	25.42
0	209.04	Bee08	32.93	6.57
0	209.04	Bee01	8.41	17.47
0	209.04	Bee07	12.45	28.70
0	209.04	Bee06	48.60	25.34
0	209.04	Bee03	4.85	30.42
0	209.04	Bee04	10.94	47.41
0	209.04	Bee05	0.67	6.41
0	209.04	Bee02	6.82	32.58
0	209.04	Bee00	38.96	20.98
0	210.04	Bee09	32.59	24.14
0	210.04	Bee08	34.89	6.97
0	210.04	Bee01	9.15	15.62
0	210.04	Bee07	11.25	30.30
0	210.04	Bee06	47.30	26.87
0	210.04	Bee03	5.68	32.24
0	210.04	Bee04	12.45	46.09
0	210.04	Bee05	0.67	6.41
0	210.04	Bee02	7.93	30.91
0	210.04	Bee00	37.61	22.46
0	211.04	Bee09	34.13	22.86
0	211.04	Bee08	36.85	7.36
0	211.04	Bee01	9.90	13.76
0	211.04	Bee07	10.06	31.90
0	211.04	Bee06	46.00	28.39
0	211.04	Bee03	6.51	34.06
0	211.04	Bee04	13.96	44.78
0	211.04	Bee05	1.68	8.13
0	211.04	Bee02	9.03	29.24
0	211.04	Bee00	36.26	23.93
0	212.04	Bee09	35.66	21.57
0	212.04	Bee08	38.81	7.76
0	212.04	Bee01	10.64	11.91
0	212.04	Bee07	8.86	33.51
0	212.04	Bee06	44.71	29.91
0	212.04	Bee03	7.35	35.87
0	212.04	Bee04	15.47	43.47
0	212.04	Bee05	2.70	9.86
0	212.04	Bee02	10.13	27.57
0	212.04	Bee00	34.91	25.41
0	213.04	Bee09	37.20	20.29
0	213.04	Bee08	40.77	8.15
0	213.04	Bee01	11.39	10.05
0	213.04	Bee07	7.66	35.11
0	213.04	Bee06	43.41	31.43
0	213.04	Bee03	8.18	37.69
0	213.04	Bee04	16.98	42.16
0	213.04	Bee05	3.71	11.58
0	213.04	Bee02	11.24	25.91
0	213.04	Bee00	33.56	26.88
0	214.04	Bee09	38.73	19.01
0	214.04	Bee08	42.73	8.55
0	214.04	Bee01	12.13	8.19
0	214.04	Bee07	6.47	36.71
0	214.04	Bee06	42.11	32.96
0	214.04	Bee03	9.01	39.51
0	214.04	Bee04	18.48	40.84
0	214.04	Bee05	4.72	13.31
0	214.04	Bee02	12.34	24.24
0	214.04	Bee00	32.20	28.36
0	215.04	Bee09	40.27	17.73
0	215.04	Bee08	44.69	8.94
0	215.04	Bee01	12.87	6.34
0	215.04	Bee07	5.27	38.31
0	215.04	Bee06	40.82	34.48
0	215.04	Bee03	9.84	41.33
0	215.04	Bee04	19.99	39.53
0	215.04	Bee05	5.74	15.03
0	215.04	Bee02	13.45	22.57
0	215.04	Bee00	30.85	29.83
0	216.04	Bee09	41.81	16.44
0	216.04	Bee08	46.66	9.34
0	216.04	Bee01	13.62	4.47
0	216.04	Bee07	4.07	39.92
0	216.04	Bee06	39.51	36.01
0	216.04	Bee03	10.68	43.16
0	216.04	Bee04	21.51	38.21
0	216.04	Bee05	6.75	16.76
0	216.04	Bee02	14.55	20.89
0	216.04	Bee00	29.49	31.31
0	217.04	Bee09	43.36	15.15
0	217.04	Bee08	48.64	9.73
0	217.04	Bee01	14.37	2.60
0	217.04	Bee07	2.86	41.54
0	217.04	Bee06	38.21	37.55
0	217.04	Bee03	11.52	44.99
0	217.04	Bee04	23.03	36.89
0	217.04	Bee05	7.78	18.50
0	217.04	Bee02	15.67	19.21
0	217.04	Bee00	28.13	32.80
0	218.04	Bee09	44.94	13.83
0	218.04	Bee08	48.64	9.73
0	218.04	Bee01	15.14	0.69
0	218.04	Bee07	1.63	43.19
0	218.04	Bee06	36.87	39.11
0	218.04	Bee03	12.38	46.86
0	218.04	Bee04	24.59	35.54
0	218.04	Bee05	8.82	20.28
0	218.04	Bee02	16.80	17.49
0	218.04	Bee00	26.74	34.31
0	219.04	Bee09	46.48	12.55
0	219.04	Bee08	49.44	10.33
0	219.04	Bee01	15.14	0.69
0	219.04	Bee07	0.43	44.79
0	219.04	Bee06	35.57	40.64
0	219.04	Bee03	13.21	48.68
0	219.04	Bee04	26.10	34.23
0	219.04	Bee05	9.83	22.00
0	219.04	Bee02	17.91	15.83
0	219.04	Bee00	25.39	35.79
0	220.04	Bee09	48.02	11.26
0	220.04	Bee08	49.50	11.34
0	220.04	Bee01	15.14	0.69
0	220.04	Bee07	0.43	44.79
0	220.04	Bee06	34.27	42.17
0	220.04	Bee03	13.63	49.59
0	220.04	Bee04	27.61	32.91
0	220.04	Bee05	10.85	23.74
0	220.04	Bee02	19.02	14.15
0	220.04	Bee00	24.03	37.27
0	221.04	Bee09	48.79	10.62
0	221.04	Bee08	49.50	11.34
0	221.04	Bee01	15.14	0.69
0	221.04	Bee07	0.43	44.79
0	221.04	Bee06	32.97	43.69
0	221.04	Bee03	13.63	49.59
0	221.04	Bee04	29.12	31.60
0	221.04	Bee05	11.86	25.46
0	221.04	Bee02	20.12	12.48
0	221.04	Bee00	22.68	38.74
0	222.04	Bee09	49.21	9.71
0	222.04	Bee08	48.04	12.71
0	222.04	Bee01	14.16	0.49
0	222.04	Bee07	0.43	44.79
0	222.04	Bee06	31.68	45.21
0	222.04	Bee03	14.61	49.42
0	222.04	Bee04	30.63	30.29
0	222.04	Bee05	12.88	27.19
0	222.04	Bee02	21.22	10.82
0	222.04	Bee00	21.33	40.22
0	223.04	Bee09	49.21	9.71
0	223.04	Bee08	46.58	14.08
0	223.04	Bee01	13.38	1.11
0	223.04	Bee07	0.43	44.79
0	223.04	Bee06	30.38	46.73
0	223.04	Bee03	15.43	48.85
0	223.04	Bee04	32.14	28.97
0	223.04	Bee05	13.89	28.91
0	223.04	Bee02	22.33	9.15
0	223.04	Bee00	19.97	41.69
0	224.04	Bee09	48.37	7.90
0	224.04	Bee08	45.12	15.45
0	224.04	Bee01	11.81	2.35
0	224.04	Bee07	0.43	44.79
0	224.04	Bee06	29.08	48.26
0	224.04	Bee03	17.07	47.71
0	224.04	Bee04	33.65	27.66
0	224.04	Bee05	14.90	30.64
0	224.04	Bee02	23.43	7.48
0	224.04	Bee00	18.62	43.17
0	225.04	Bee09	47.53	6.08
0	225.04	Bee08	43.66	16.82
0	225.04	Bee01	10.24	3.59
0	225.04	Bee07	0.55	43.80
0	225.04	Bee06	28.44	49.02
0	225.04	Bee03	18.72	46.57
0	225.04	Bee04	35.16	26.35
0	225.04	Bee05	15.92	32.36
0	225.04	Bee02	24.54	5.81
0	225.04	Bee00	17.27	44.64
0	226.04	Bee09	46.69	4.26
0	226.04	Bee08	42.20	18.19
0	226.04	Bee01	8.67	4.84
0	226.04	Bee07	1.61	42.10
0	226.04	Bee06	27.43	49.01
0	226.04	Bee03	20.36	45.42
0	226.04	Bee04	36.67	25.03
0	226.04	Bee05	16.93	34.09
0	226.04	Bee02	25.64	4.14
0	226.04	Bee00	15.91	46.12
0	227.04	Bee09	45.85	2.45
0	227.04	Bee08	40.74	19.56
0	227.04	Bee01	7.10	6.08
0	227.04	Bee07	2.67	40.40
0	227.04	Bee06	25.43	49.00
0	227.04	Bee03	22.01	44.28
0	227.04	Bee04	38.18	23.72
0	227.04	Bee05	17.95	35.81
0	227.04	Bee02	26.75	2.47
0	227.04	Bee00	14.56	47.59
0	228.04	Bee09	45.00	0.62
0	228.04	Bee08	39.27	20.93
0	228.04	Bee01	5.52	7.33
0	228.04	Bee07	3.74	38.70
0	228.04	Bee06	23.42	48.98
0	228.04	Bee03	23.66	43.13
0	228.04	Bee04	39.70	22.40
0	228.04	Bee05	18.96	37.55
0	228.04	Bee02	27.86	0.79
0	228.04	Bee00	13.20	49.08
0	229.04	Bee09	45.00	0.62
0	229.04	Bee08	37.81	22.30
0	229.04	Bee01	3.95	8.57
0	229.04	Bee07	4.80	37.00
0	229.04	Bee06	21.42	48.97
0	229.04	Bee03	25.30	41.99
0	229.04	Bee04	41.21	21.09
0	229.04	Bee05	19.98	39.27
0	229.04	Bee02	27.86	0.79
0	229.04	Bee00	13.20	49.08
0	230.04	Bee09	45.00	0.62
0	230.04	Bee08	36.35	23.67
0	230.04	Bee01	2.38	9.81
0	230.04	Bee07	5.86	35.30
0	230.04	Bee06	19.41	48.95
0	230.04	Bee03	26.95	40.84
0	230.04	Bee04	42.73	19.77
0	230.04	Bee05	20.99	41.00
0	230.04	Bee02	27.86	0.79
0	230.04	Bee00	12.20	49.03
0	231.04	Bee09	44.02	0.80
0	231.04	Bee08	34.89	25.04
0	231.04	Bee01	0.81	11.06
0	231.04	Bee07	6.92	33.60
0	231.04	Bee06	17.41	48.94
0	231.04	Bee03	28.59	39.70
0	231.04	Bee04	44.24	18.46
0	231.04	Bee05	22.01	42.73
0	231.04	Bee02	27.86	0.79
0	231.04	Bee00	10.43	48.10
0	232.04	Bee09	42.38	1.95
0	232.04	Bee08	33.43	26.41
0	232.04	Bee01	0.81	11.06
0	232.04	Bee07	7.98	31.90
0	232.04	Bee06	15.41	48.92
0	232.04	Bee03	30.23	38.56
0	232.04	Bee04	45.74	17.15
0	232.04	Bee05	23.02	44.45
0	232.04	Bee02	27.86	0.79
0	232.04	Bee00	8.66	47.17
0	233.04	Bee09	40.73	3.10
0	233.04	Bee08	31.96	27.78
0	233.04	Bee01	0.78	12.06
0	233.04	Bee07	9.04	30.20
0	233.04	Bee06	13.40	48.91
0	233.04	Bee03	31.88	37.41
0	233.04	Bee04	47.26	15.83
0	233.04	Bee05	24.04	46.19
0	233.04	Bee02	26.85	0.82
0	233.04	Bee00	6.88	46.24
0	234.04	Bee09	39.10	4.25
0	234.04	Bee08	30.50	29.15
0	234.04	Bee01	1.58	13.90
0	234.04	Bee07	10.10	28.50
0	234.04	Bee06	11.40	48.89
0	234.04	Bee03	33.52	36.27
0	234.04	Bee04	48.77	14.52
0	234.04	Bee05	25.05	47.91
0	234.04	Bee02	25.06	1.72
0	234.04	Bee00	5.11	45.31
0	235.04	Bee09	37.45	5.41
0	235.04	Bee08	29.04	30.53
0	235.04	Bee01	2.37	15.75
0	235.04	Bee07	11.17	26.80
0	235.04	Bee06	9.39	48.88
0	235.04	Bee03	35.18	35.12
0	235.04	Bee04	49.53	13.85
0	235.04	Bee05	25.56	48.78
0	235.04	Bee02	23.26	2.63
0	235.04	Bee00	3.33	44.37
0	236.04	Bee09	35.81	6.55
0	236.04	Bee08	27.58	31.90
0	236.04	Bee01	3.17	17.58
0	236.04	Bee07	12.23	25.10
0	236.04	Bee06	7.39	48.86
0	236.04	Bee03	36.82	33.98
0	236.04	Bee04	49.53	13.85
0	236.04	Bee05	26.39	49.35
0	236.04	Bee02	21.48	3.53
0	236.04	Bee00	1.56	43.44
0	237.04	Bee09	34.17	7.70
0	237.04	Bee08	26.12	33.26
0	237.04	Bee01	3.96	19.42
0	237.04	Bee07	13.29	23.40
0	237.04	Bee06	5.39	48.85
0	237.04	Bee03	38.46	32.84
0	237.04	Bee04	49.53	13.85
0	237.04	Bee05	26.39	49.35
0	237.04	Bee02	19.69	4.42
0	237.04	Bee00	0.68	42.97
0	238.04	Bee09	32.54	8.85
0	238.04	Bee08	24.66	34.63
0	238.04	Bee01	4.76	21.26
0	238.04	Bee07	14.34	21.71
0	238.04	Bee06	3.39	48.83
0	238.04	Bee03	40.10	31.70
0	238.04	Bee04	49.53	13.85
0	238.04	Bee05	28.32	48.82
0	238.04	Bee02	17.90	5.32
0	238.04	Bee00	0.46	42.00
0	239.04	Bee09	30.88	10.01
0	239.04	Bee08	23.19	36.01
0	239.04	Bee01	5.56	23.11
0	239.04	Bee07	15.41	19.99
0	239.04	Bee06	1.37	48.82
0	239.04	Bee03	41.76	30.54
0	239.04	Bee04	49.53	13.85
0	239.04	Bee05	30.26	48.28
0	239.04	Bee02	16.10	6.23
0	239.04	Bee00	0.46	42.00
0	240.04	Bee09	29.25	11.16
0	240.04	Bee08	21.73	37.38
0	240.04	Bee01	6.35	24.95
0	240.04	Bee07	16.47	18.30
0	240.04	Bee06	1.37	48.82
0	240.04	Bee03	43.40	29.40
0	240.04	Bee04	49.20	14.79
0	240.04	Bee05	32.19	47.75
0	240.04	Bee02	14.31	7.13
0	240.04	Bee00	1.70	40.43
0	241.04	Bee09	27.55	12.35
0	241.04	Bee08	20.21	38.80
0	241.04	Bee01	7.17	26.85
0	241.04	Bee07	17.57	16.53
0	241.04	Bee06	1.37	48.82
0	241.04	Bee03	45.11	28.22
0	241.04	Bee04	47.75	16.27
0	241.04	Bee05	34.19	47.19
0	241.04	Bee02	12.46	8.06
0	241.04	Bee00	2.99	38.79
0	242.04	Bee09	25.90	13.51
0	242.04	Bee08	18.75	40.18
0	242.04	Bee01	7.97	28.70
0	242.04	Bee07	18.64	14.83
0	242.04	Bee06	0.72	48.04
0	242.04	Bee03	46.76	27.07
0	242.04	Bee04	46.34	17.71
0	242.04	Bee05	36.13	46.66
0	242.04	Bee02	10.66	8.97
0	242.04	Bee00	4.23	37.21
0	243.04	Bee09	24.26	14.66
0	243.04	Bee08	17.29	41.55
0	243.04	Bee01	8.76	30.53
0	243.04	Bee07	19.70	13.13
0	243.04	Bee06	0.91	47.06
0	243.04	Bee03	48.40	25.93
0	243.04	Bee04	44.94	19.14
0	243.04	Bee05	38.06	46.13
0	243.04	Bee02	8.87	9.87
0	243.04	Bee00	5.47	35.64
0	244.04	Bee09	22.62	15.81
0	244.04	Bee08	15.83	42.92
0	244.04	Bee01	9.56	32.37
0	244.04	Bee07	20.76	11.43
0	244.04	Bee06	1.49	46.24
0	244.04	Bee03	49.22	25.35
0	244.04	Bee04	43.53	20.57
0	244.04	Bee05	39.99	45.59
0	244.04	Bee02	7.09	10.77
0	244.04	Bee00	6.71	34.07
0	245.04	Bee09	20.99	16.96
0	245.04	Bee08	14.37	44.28
0	245.04	Bee01	10.35	34.21
0	245.04	Bee07	21.82	9.74
0	245.04	Bee06	2.65	44.61
0	245.04	Bee03	49.22	25.35
0	245.04	Bee04	42.13	21.99
0	245.04	Bee05	41.92	45.06
0	245.04	Bee02	5.30	11.67
0	245.04	Bee00	7.95	32.50
0	246.04	Bee09	19.35	18.11
0	246.04	Bee08	12.91	45.65
0	246.04	Bee01	11.15	36.04
0	246.04	Bee07	22.88	8.04
0	246.04	Bee06	3.81	42.99
0	246.04	Bee03	49.22	25.35
0	246.04	Bee04	40.73	23.42
0	246.04	Bee05	43.85	44.53
0	246.04	Bee02	3.51	12.56
0	246.04	Bee00	9.18	30.93
0	247.04	Bee09	17.71	19.26
0	247.04	Bee08	11.45	47.02
0	247.04	Bee01	11.94	37.88
0	247.04	Bee07	23.93	6.34
0	247.04	Bee06	4.97	41.36
0	247.04	Bee03	49.22	25.35
0	247.04	Bee04	39.33	24.85
0	247.04	Bee05	45.77	44.00
0	247.04	Bee02	1.72	13.46
0	247.04	Bee00	10.42	29.36
0	248.04	Bee09	16.07	20.40
0	248.04	Bee08	9.99	48.39
0	248.04	Bee01	12.73	39.72
0	248.04	Bee07	24.99	4.64
0	248.04	Bee06	6.13	39.73
0	248.04	Bee03	49.22	26.35
0	248.04	Bee04	37.93	26.27
0	248.04	Bee05	47.70	43.46
0	248.04	Bee02	0.83	13.91
0	248.04	Bee00	11.66	27.79
0	249.04	Bee09	14.44	21.55
0	249.04	Bee08	9.26	49.07
0	249.04	Bee01	13.53	41.55
0	249.04	Bee07	26.05	2.95
0	249.04	Bee06	7.29	38.10
0	249.04	Bee03	48.79	27.26
0	249.04	Bee04	36.52	27.70
0	249.04	Bee05	48.67	43.20
0	249.04	Bee02	0.60	14.89
0	249.04	Bee00	12.90	26.21
0	250.04	Bee09	12.80	22.70
0	250.04	Bee08	8.27	48.95
0	250.04	Bee01	14.32	43.39
0	250.04	Bee07	27.11	1.25
0	250.04	Bee06	8.46	36.47
0	250.04	Bee03	47.94	29.07
0	250.04	Bee04	35.12	29.13
0	250.04	Bee05	49.43	42.55
0	250.04	Bee02	0.60	14.89
0	250.04	Bee00	14.14	24.64
0	251.04	Bee09	11.16	23.85
0	251.04	Bee08	6.28	48.72
0	251.04	Bee01	15.11	45.23
0	251.04	Bee07	27.64	0.40
0	251.04	Bee06	9.62	34.84
0	251.04	Bee03	47.09	30.88
0	251.04	Bee04	33.72	30.56
0	251.04	Bee05	49.43	42.55
0	251.04	Bee02	1.80	16.49
0	251.04	Bee00	15.38	23.07
0	252.04	Bee09	9.52	25.00
0	252.04	Bee08	4.29	48.48
0	252.04	Bee01	15.91	47.06
0	252.04	Bee07	27.64	0.40
0	252.04	Bee06	10.78	33.21
0	252.04	Bee03	46.24	32.69
0	252.04	Bee04	32.32	31.98
0	252.04	Bee05	49.43	42.55
0	252.04	Bee02	3.00	18.09
0	252.04	Bee00	16.61	21.50
0	253.04	Bee09	7.89	26.15
0	253.04	Bee08	2.31	48.24
0	253.04	Bee01	16.70	48.90
0	253.04	Bee07	28.60	0.69
0	253.04	Bee06	11.94	31.58
0	253.04	Bee03	45.38	34.50
0	253.04	Bee04	30.92	33.41
0	253.04	Bee05	49.43	42.55
0	253.04	Bee02	4.19	19.70
0	253.04	Bee00	17.85	19.93
0	254.04	Bee09	6.25	27.30
0	254.04	Bee08	1.31	48.12
0	254.04	Bee01	16.70	48.90
0	254.04	Bee07	30.09	2.03
0	254.04	Bee06	13.10	29.96
0	254.04	Bee03	44.53	36.31
0	254.04	Bee04	29.51	34.84
0	254.04	Bee05	49.43	42.55
0	254.04	Bee02	5.39	21.30
0	254.04	Bee00	19.09	18.36
0	255.04	Bee09	4.61	28.45
0	255.04	Bee08	0.46	47.59
0	255.04	Bee01	17.45	49.56
0	255.04	Bee07	31.57	3.37
0	255.04	Bee06	14.26	28.33
0	255.04	Bee03	43.68	38.12
0	255.04	Bee04	28.11	36.27
0	255.04	Bee05	49.52	43.54
0	255.04	Bee02	6.59	22.90
0	255.04	Bee00	20.33	16.79
0	256.04	Bee09	2.97	29.60
0	256.04	Bee08	0.46	47.59
0	256.04	Bee01	17.45	49.56
0	256.04	Bee07	33.07	4.71
0	256.04	Bee06	15.43	26.69
0	256.04	Bee03	42.82	39.93
0	256.04	Bee04	26.70	37.70
0	256.04	Bee05	48.81	44.26
0	256.04	Bee02	7.79	24.51
0	256.04	Bee00	21.57	15.21
0	257.04	Bee09	1.30	30.77
0	257.04	Bee08	0.46	47.59
0	257.04	Bee01	17.45	49.56
0	257.04	Bee07	34.58	6.07
0	257.04	Bee06	16.61	25.03
0	257.04	Bee03	41.95	41.78
0	257.04	Bee04	25.28	39.15
0	257.04	Bee05	47.38	45.71
0	257.04	Bee02	9.01	26.14
0	257.04	Bee00	22.83	13.61
0	258.04	Bee09	0.48	31.35
0	258.04	Bee08	0.76	46.64
0	258.04	Bee01	17.45	49.56
0	258.04	Bee07	36.07	7.41
0	258.04	Bee06	17.77	23.41
0	258.04	Bee03	41.10	43.58
0	258.04	Bee04	23.88	40.58
0	258.04	Bee05	45.98	47.14
0	258.04	Bee02	10.20	27.74
0	258.04	Bee00	24.07	12.04
0	259.04	Bee09	0.48	31.35
0	259.04	Bee08	2.12	45.16
0	259.04	Bee01	17.45	49.56
0	259.04	Bee07	37.56	8.75
0	259.04	Bee06	18.94	21.77
0	259.04	Bee03	40.24	45.40
0	259.04	Bee04	22.47	42.01
0	259.04	Bee05	44.57	48.57
0	259.04	Bee02	11.41	29.35
0	259.04	Bee00	25.31	10.46
0	260.04	Bee09	0.48	31.35
0	260.04	Bee08	3.47	43.68
0	260.04	Bee01	16.47	49.35
0	260.04	Bee07	39.05	10.09
0	260.04	Bee06	20.10	20.14
0	260.04	Bee03	39.39	47.21
0	260.04	Bee04	21.07	43.44
0	260.04	Bee05	43.87	49.28
0	260.04	Bee02	12.60	30.96
0	260.04	Bee00	26.55	8.89
0	261.04	Bee09	0.48	31.35
0	261.04	Bee08	4.82	42.21
0	261.04	Bee01	15.67	48.75
0	261.04	Bee07	40.54	11.43
0	261.04	Bee06	21.26	18.51
0	261.04	Bee03	38.54	49.02
0	261.04	Bee04	19.67	44.87
0	261.04	Bee05	42.87	49.20
0	261.04	Bee02	13.80	32.56
0	261.04	Bee00	27.79	7.32
0	262.04	Bee09	0.49	30.33
0	262.04	Bee08	6.20	40.70
0	262.04	Bee01	14.05	47.51
0	262.04	Bee07	42.06	12.80
0	262.04	Bee06	22.45	16.85
0	262.04	Bee03	38.54	49.02
0	262.04	Bee04	18.23	46.32
0	262.04	Bee05	41.99	48.68
0	262.04	Bee02	15.02	34.20
0	262.04	Bee00	29.05	5.71
0	263.04	Bee09	0.49	30.33
0	263.04	Bee08	7.55	39.22
0	263.04	Bee01	12.45	46.31
0	263.04	Bee07	43.54	14.13
0	263.04	Bee06	23.61	15.22
0	263.04	Bee03	38.54	49.02
0	263.04	Bee04	16.83	47.75
0	263.04	Bee05	40.26	47.68
0	263.04	Bee02	16.22	35.80
0	263.04	Bee00	30.29	4.14
0	264.04	Bee09	2.04	29.05
0	264.04	Bee08	8.90	37.74
0	264.04	Bee01	10.85	45.09
0	264.04	Bee07	45.04	15.48
0	264.04	Bee06	24.78	13.59
0	264.04	Bee03	37.57	49.27
0	264.04	Bee04	15.43	49.18
0	264.04	Bee05	38.53	46.66
0	264.04	Bee02	17.42	37.41
0	264.04	Bee00	31.53	2.56
0	265.01	Bee09	3.61	27.76
0	265.01	Bee08	10.27	36.24
0	265.01	Bee01	9.23	43.86
0	265.01	Bee07	46.55	16.84
0	265.01	Bee06	25.96	11.93
0	265.01	Bee03	36.73	48.66
0	265.01	Bee04	15.43	49.18
0	265.01	Bee05	36.77	45.64
0	265.01	Bee02	18.64	39.04
0	265.01	Bee00	32.79	0.97
0	266.03	Bee09	5.19	26.47
0	266.03	Bee08	11.65	34.74
0	266.03	Bee01	7.61	42.63
0	266.03	Bee07	48.06	18.20
0	266.03	Bee06	27.14	10.27
0	266.03	Bee03	35.08	47.47
0	266.03	Bee04	14.41	49.09
0	266.03	Bee05	35.01	44.61
0	266.03	Bee02	19.86	40.67
0	266.03	Bee00	32.79	0.97
0	267.04	Bee09	5.97	25.82
0	267.04	Bee08	12.34	33.99
0	267.04	Bee01	6.80	42.02
0	267.04	Bee07	48.82	18.88
0	267.04	Bee06	27.73	9.44
0	267.04	Bee03	34.26	46.87
0	267.04	Bee04	13.53	48.57
0	267.04	Bee05	34.13	44.10
0	267.04	Bee02	20.47	41.48
0	267.04	Bee00	33.81	0.95
0	268.04	Bee09	7.53	24.54
0	268.04	Bee08	13.70	32.50
0	268.04	Bee01	5.19	40.80
0	268.04	Bee07	49.57	19.56
0	268.04	Bee06	28.90	7.80
0	268.04	Bee03	32.62	45.69
0	268.04	Bee04	11.80	47.54
0	268.04	Bee05	32.39	43.08
0	268.04	Bee02	21.67	43.10
0	268.04	Bee00	34.72	1.37
0	269.04	Bee09	9.08	23.27
0	269.04	Bee08	15.05	31.02
0	269.04	Bee01	3.60	39.59
0	269.04	Bee07	49.57	19.56
0	269.04	Bee06	30.07	6.17
0	269.04	Bee03	31.00	44.51
0	269.04	Bee04	10.08	46.52
0	269.04	Bee05	30.66	42.07
0	269.04	Bee02	22.87	44.70
0	269.04	Bee00	36.54	2.20
0	270.04	Bee09	10.65	21.98
0	270.04	Bee08	16.42	29.52
0	270.04	Bee01	1.97	38.36
0	270.04	Bee07	49.57	19.56
0	270.04	Bee06	31.25	4.51
0	270.04	Bee03	29.35	43.32
0	270.04	Bee04	8.32	45.48
0	270.04	Bee05	28.90	41.05
0	270.04	Bee02	24.09	46.34
0	270.04	Bee00	38.39	3.04
0	271.04	Bee09	12.22	20.69
0	271.04	Bee08	17.79	28.02
0	271.04	Bee01	1.17	37.75
0	271.04	Bee07	49.57	19.56
0	271.04	Bee06	32.43	2.87
0	271.04	Bee03	27.71	42.13
0	271.04	Bee04	6.58	44.44
0	271.04	Bee05	27.15	40.03
0	271.04	Bee02	25.30	47.96
0	271.04	Bee00	40.24	3.88
0	272.04	Bee09	13.78	19.41
0	272.04	Bee08	19.15	26.53
0	272.04	Bee01	0.71	36.86
0	272.04	Bee07	49.57	19.56
0	272.04	Bee06	33.60	1.22
0	272.04	Bee03	26.08	40.95
0	272.04	Bee04	4.85	43.42
0	272.04	Bee05	25.41	39.01
0	272.04	Bee02	26.51	49.58
0	272.04	Bee00	42.07	4.72
0	273.04	Bee09	15.36	18.11
0	273.04	Bee08	20.53	25.02
0	273.04	Bee01	0.71	36.86
0	273.04	Bee07	49.23	18.57
0	273.04	Bee06	34.18	0.41
0	273.04	Bee03	24.42	39.75
0	273.04	Bee04	3.09	42.37
0	273.04	Bee05	23.64	37.98
0	273.04	Bee02	26.51	49.58
0	273.04	Bee00	43.94	5.57
0	274.04	Bee09	16.91	16.84
0	274.04	Bee08	21.89	23.54
0	274.04	Bee01	1.52	35.02
0	274.04	Bee07	48.53	17.84
0	274.04	Bee06	34.18	0.41
0	274.04	Bee03	23.61	39.16
0	274.04	Bee04	1.36	41.35
0	274.04	Bee05	21.91	36.96
0	274.04	Bee02	26.51	49.58
0	274.04	Bee00	45.76	6.41
0	275.04	Bee09	18.47	15.56
0	275.04	Bee08	23.25	22.05
0	275.04	Bee01	2.33	33.18
0	275.04	Bee07	47.13	16.39
0	275.04	Bee06	35.10	0.78
0	275.04	Bee03	23.61	39.16
0	275.04	Bee04	0.48	40.83
0	275.04	Bee05	20.17	35.95
0	275.04	Bee02	27.44	49.18
0	275.04	Bee00	47.60	7.24
0	276.04	Bee09	20.04	14.27
0	276.04	Bee08	24.62	20.55
0	276.04	Bee01	3.15	31.32
0	276.04	Bee07	45.71	14.94
0	276.04	Bee06	35.78	1.53
0	276.04	Bee03	21.64	39.67
0	276.04	Bee04	0.48	40.83
0	276.04	Bee05	18.41	34.92
0	276.04	Bee02	28.80	47.66
0	276.04	Bee00	49.45	8.09
0	277.04	Bee09	21.58	13.00
0	277.04	Bee08	25.97	19.08
0	277.04	Bee01	3.96	29.49
0	277.04	Bee07	44.32	13.50
0	277.04	Bee06	37.12	3.01
0	277.04	Bee03	19.71	40.17
0	277.04	Bee04	0.77	39.87
0	277.04	Bee05	16.68	33.92
0	277.04	Bee02	30.13	46.17
0	277.04	Bee00	49.45	8.09
0	278.04	Bee09	23.13	11.72
0	278.04	Bee08	27.32	17.60
0	278.04	Bee01	4.77	27.66
0	278.04	Bee07	42.93	12.06
0	278.04	Bee06	38.46	4.49
0	278.04	Bee03	17.77	40.67
0	278.04	Bee04	1.43	39.12
0	278.04	Bee05	14.95	32.91
0	278.04	Bee02	31.47	44.68
0	278.04	Bee00	49.45	8.09
0	279.04	Bee09	24.69	10.44
0	279.04	Bee08	28.69	16.11
0	279.04	Bee01	5.58	25.81
0	279.04	Bee07	41.53	10.61
0	279.04	Bee06	39.82	5.99
0	279.04	Bee03	15.81	41.18
0	279.04	Bee04	2.77	37.60
0	279.04	Bee05	13.21	31.89
0	279.04	Bee02	32.81	43.17
0	279.04	Bee00	49.45	8.09
0	280.04	Bee09	26.24	9.17
0	280.04	Bee08	30.04	14.63
0	280.04	Bee01	6.39	23.98
0	280.04	Bee07	40.14	9.17
0	280.04	Bee06	41.16	7.47
0	280.04	Bee03	13.88	41.68
0	280.04	Bee04	4.09	36.10
0	280.04	Bee05	11.48	30.88
0	280.04	Bee02	34.15	41.68
0	280.04	Bee00	49.26	7.10
0	281.04	Bee09	27.78	7.90
0	281.04	Bee08	31.39	13.15
0	281.04	Bee01	7.20	22.15
0	281.04	Bee07	38.74	7.73
0	281.04	Bee06	42.50	8.96
0	281.04	Bee03	11.94	42.18
0	281.04	Bee04	5.42	34.60
0	281.04	Bee05	9.75	29.87
0	281.04	Bee02	35.48	40.19
0	281.04	Bee00	48.67	6.29
0	282.04	Bee09	29.36	6.61
0	282.04	Bee08	32.76	11.65
0	282.04	Bee01	8.02	20.28
0	282.04	Bee07	37.33	6.27
0	282.04	Bee06	43.87	10.47
0	282.04	Bee03	9.97	42.69
0	282.04	Bee04	6.77	33.08
0	282.04	Bee05	7.99	28.84
0	282.04	Bee02	36.84	38.67
0	282.04	Bee00	47.47	4.64
0	283.04	Bee09	30.93	5.31
0	283.04	Bee08	34.14	10.14
0	283.04	Bee01	8.85	18.42
0	283.04	Bee07	35.91	4.80
0	283.04	Bee06	45.24	11.98
0	283.04	Bee03	7.99	43.20
0	283.04	Bee04	8.12	31.55
0	283.04	Bee05	6.23	27.82
0	283.04	Bee02	38.20	37.15
0	283.04	Bee00	46.27	2.99
0	284.04	Bee09	32.49	4.03
0	284.04	Bee08	35.50	8.66
0	284.04	Bee01	9.66	16.58
0	284.04	Bee07	34.51	3.36
0	284.04	Bee06	46.59	13.47
0	284.04	Bee03	6.04	43.71
0	284.04	Bee04	9.45	30.04
0	284.04	Bee05	4.49	26.80
0	284.04	Bee02	39.54	35.65
0	284.04	Bee00	45.09	1.36
0	285.04	Bee09	33.26	3.40
0	285.04	Bee08	36.85	7.18
0	285.04	Bee01	10.47	14.75
0	285.04	Bee07	33.12	1.92
0	285.04	Bee06	47.93	14.96
0	285.04	Bee03	4.11	44.21
0	285.04	Bee04	10.77	28.54
0	285.04	Bee05	2.77	25.79
0	285.04	Bee02	40.88	34.16
0	285.04	Bee00	44.51	0.55
0	286.04	Bee09	33.26	3.40
0	286.04	Bee08	38.22	5.68
0	286.04	Bee01	11.29	12.89
0	286.04	Bee07	31.70	0.46
0	286.04	Bee06	49.29	16.47
0	286.04	Bee03	2.14	44.72
0	286.04	Bee04	12.12	27.02
0	286.04	Bee05	1.01	24.77
0	286.04	Bee02	42.23	32.65
0	286.04	Bee00	44.51	0.55
0	287.04	Bee09	33.25	1.34
0	287.04	Bee08	39.61	4.16
0	287.04	Bee01	12.12	11.00
0	287.04	Bee07	31.70	0.46
0	287.04	Bee06	49.29	16.47
0	287.04	Bee03	1.16	44.97
0	287.04	Bee04	13.49	25.47
0	287.04	Bee05	1.01	24.77
0	287.04	Bee02	43.61	31.11
0	287.04	Bee00	44.51	0.55
0	288.04	Bee09	33.25	1.34
0	288.04	Bee08	41.00	2.64
0	288.04	Bee01	12.95	9.11
0	288.04	Bee07	31.70	0.46
0	288.04	Bee06	49.12	17.50
0	288.04	Bee03	1.16	44.97
0	288.04	Bee04	14.85	23.92
0	288.04	Bee05	0.43	23.90
0	288.04	Bee02	44.99	29.57
0	288.04	Bee00	44.51	0.55
0	289.04	Bee09	32.81	0.42
0	289.04	Bee08	42.37	1.14
0	289.04	Bee01	13.77	7.25
0	289.04	Bee07	31.70	0.46
0	289.04	Bee06	47.96	19.16
0	289.04	Bee03	0.74	45.90
0	289.04	Bee04	16.20	22.40
0	289.04	Bee05	0.74	22.93
0	289.04	Bee02	46.34	28.06
0	289.04	Bee00	45.52	0.57
0	290.04	Bee09	32.81	0.42
0	290.04	Bee08	42.37	1.14
0	290.04	Bee01	14.59	5.39
0	290.04	Bee07	31.70	0.46
0	290.04	Bee06	46.79	20.82
0	290.04	Bee03	0.74	45.90
0	290.04	Bee04	17.54	20.88
0	290.04	Bee05	1.43	22.18
0	290.04	Bee02	47.69	26.54
0	290.04	Bee00	45.52	0.57
0	291.04	Bee09	31.82	0.64
0	291.04	Bee08	43.32	0.75
0	291.04	Bee01	15.41	3.53
0	291.04	Bee07	31.70	0.46
0	291.04	Bee06	45.63	22.49
0	291.04	Bee03	1.66	47.72
0	291.04	Bee04	18.89	19.35
0	291.04	Bee05	2.81	20.68
0	291.04	Bee02	49.05	25.03
0	291.04	Bee00	46.78	2.17
0	292.04	Bee09	31.01	1.26
0	292.04	Bee08	44.22	1.24
0	292.04	Bee01	16.24	1.66
0	292.04	Bee07	32.66	0.79
0	292.04	Bee06	44.46	24.16
0	292.04	Bee03	2.58	49.54
0	292.04	Bee04	20.24	17.82
0	292.04	Bee05	4.20	19.19
0	292.04	Bee02	49.05	25.03
0	292.04	Bee00	48.04	3.78
0	293.04	Bee09	29.42	2.49
0	293.04	Bee08	45.99	2.21
0	293.04	Bee01	16.65	0.74
0	293.04	Bee07	34.09	2.21
0	293.04	Bee06	43.30	25.81
0	293.04	Bee03	2.58	49.54
0	293.04	Bee04	21.57	16.31
0	293.04	Bee05	5.56	17.71
0	293.04	Bee02	48.73	23.04
0	293.04	Bee00	49.29	5.36
0	294.04	Bee09	27.83	3.71
0	294.04	Bee08	47.74	3.16
0	294.04	Bee01	16.65	0.74
0	294.04	Bee07	35.51	3.62
0	294.04	Bee06	42.16	27.45
0	294.04	Bee03	2.58	49.54
0	294.04	Bee04	22.90	14.82
0	294.04	Bee05	6.92	16.24
0	294.04	Bee02	48.41	21.07
0	294.04	Bee00	49.29	5.36
0	295.04	Bee09	27.03	4.33
0	295.04	Bee08	48.63	3.65
0	295.04	Bee01	17.65	0.89
0	295.04	Bee07	36.23	4.33
0	295.04	Bee06	41.57	28.28
0	295.04	Bee03	3.57	49.33
0	295.04	Bee04	23.57	14.06
0	295.04	Bee05	7.61	15.50
0	295.04	Bee02	48.25	20.07
0	295.04	Bee00	49.08	6.35
0	296.04	Bee09	25.13	5.80
0	296.04	Bee08	48.63	3.65
0	296.04	Bee01	18.37	1.59
0	296.04	Bee07	37.94	6.03
0	296.04	Bee06	40.19	30.25
0	296.04	Bee03	4.25	48.60
0	296.04	Bee04	25.16	12.25
0	296.04	Bee05	9.24	13.73
0	296.04	Bee02	47.87	17.69
0	296.04	Bee00	48.35	7.03
0	297.04	Bee09	23.54	7.03
0	297.04	Bee08	49.23	4.46
0	297.04	Bee01	19.81	2.98
0	297.04	Bee07	39.36	7.44
0	297.04	Bee06	39.04	31.90
0	297.04	Bee03	5.61	47.13
0	297.04	Bee04	26.49	10.75
0	297.04	Bee05	10.61	12.26
0	297.04	Bee02	47.55	15.71
0	297.04	Bee00	46.88	8.40
0	298.04	Bee09	21.93	8.27
0	298.04	Bee08	48.98	5.43
0	298.04	Bee01	21.27	4.39
0	298.04	Bee07	40.80	8.87
0	298.04	Bee06	37.88	33.56
0	298.04	Bee03	6.99	45.63
0	298.04	Bee04	27.84	9.23
0	298.04	Bee05	11.98	10.76
0	298.04	Bee02	47.22	13.70
0	298.04	Bee00	45.40	9.79
0	299.04	Bee09	20.34	9.49
0	299.04	Bee08	48.48	7.37
0	299.04	Bee01	22.71	5.78
0	299.04	Bee07	42.22	10.28
0	299.04	Bee06	36.73	35.20
0	299.04	Bee03	8.35	44.17
0	299.04	Bee04	29.16	7.73
0	299.04	Bee05	13.34	9.30
0	299.04	Bee02	46.90	11.73
0	299.04	Bee00	43.94	11.15
0	300.04	Bee09	18.74	10.72
0	300.04	Bee08	47.98	9.32
0	300.04	Bee01	24.17	7.18
0	300.04	Bee07	42.94	10.99
0	300.04	Bee06	35.57	36.86
0	300.04	Bee03	9.72	42.68
0	300.04	Bee04	30.50	6.21
0	300.04	Bee05	14.71	7.81
0	300.04	Bee02	46.58	9.73
0	300.04	Bee00	42.46	12.53
0	301.04	Bee09	17.13	11.97
0	301.04	Bee08	47.47	11.29
0	301.04	Bee01	25.63	8.60
0	301.04	Bee07	42.94	10.99
0	301.04	Bee06	34.41	38.53
0	301.04	Bee03	11.11	41.19
0	301.04	Bee04	31.85	4.69
0	301.04	Bee05	16.10	6.32
0	301.04	Bee02	46.26	7.72
0	301.04	Bee00	40.97	13.92
0	302.04	Bee09	15.52	13.21
0	302.04	Bee08	46.97	13.26
0	302.04	Bee01	27.09	10.01
0	302.04	Bee07	42.74	13.01
0	302.04	Bee06	33.24	40.19
0	302.04	Bee03	12.49	39.70
0	302.04	Bee04	33.19	3.16
0	302.04	Bee05	17.48	4.82
0	302.04	Bee02	45.93	5.72
0	302.04	Bee00	39.49	15.31
0	303.04	Bee09	13.91	14.45
0	303.04	Bee08	46.46	15.23
0	303.04	Bee01	28.56	11.42
0	303.04	Bee07	42.53	15.04
0	303.04	Bee06	32.08	41.86
0	303.04	Bee03	13.87	38.21
0	303.04	Bee04	34.54	1.64
0	303.04	Bee05	18.86	3.33
0	303.04	Bee02	45.61	3.71
0	303.04	Bee00	38.00	16.70
0	304.04	Bee09	12.30	15.69
0	304.04	Bee08	45.95	17.21
0	304.04	Bee01	30.03	12.84
0	304.04	Bee07	42.33	17.07
0	304.04	Bee06	30.91	43.53
0	304.04	Bee03	15.26	36.71
0	304.04	Bee04	35.21	0.87
0	304.04	Bee05	20.24	1.83
0	304.04	Bee02	45.28	1.70
0	304.04	Bee00	36.51	18.09
0	305.04	Bee09	10.71	16.92
0	305.04	Bee08	45.46	19.14
0	305.04	Bee01	31.46	14.22
0	305.04	Bee07	42.14	19.06
0	305.04	Bee06	29.76	45.17
0	305.04	Bee03	16.61	35.24
0	305.04	Bee04	36.21	0.91
0	305.04	Bee05	20.92	1.10
0	305.04	Bee02	45.12	0.71
0	305.04	Bee00	35.05	19.45
0	306.04	Bee09	9.12	18.14
0	306.04	Bee08	44.95	21.09
0	306.04	Bee01	32.91	15.62
0	306.04	Bee07	41.94	21.06
0	306.04	Bee06	28.61	46.81
0	306.04	Bee03	17.98	33.77
0	306.04	Bee04	37.11	1.37
0	306.04	Bee05	21.86	0.72
0	306.04	Bee02	45.12	0.71
0	306.04	Bee00	33.58	20.82
0	307.04	Bee09	7.45	19.43
0	307.04	Bee08	44.43	23.14
0	307.04	Bee01	34.43	17.09
0	307.04	Bee07	41.73	23.16
0	307.04	Bee06	27.40	48.55
0	307.04	Bee03	19.42	32.22
0	307.04	Bee04	39.00	2.32
0	307.04	Bee05	21.86	0.72
0	307.04	Bee02	44.12	0.66
0	307.04	Bee00	32.03	22.27
0	308.04	Bee09	5.86	20.66
0	308.04	Bee08	43.93	25.08
0	308.04	Bee01	35.87	18.48
0	308.04	Bee07	41.53	25.15
0	308.04	Bee06	26.82	49.37
0	308.04	Bee03	20.78	30.75
0	308.04	Bee04	40.78	3.23
0	308.04	Bee05	23.58	1.74
0	308.04	Bee02	44.12	0.66
0	308.04	Bee00	30.57	23.63
0	309.04	Bee09	4.28	21.88
0	309.04	Bee08	43.43	27.01
0	309.04	Bee01	37.31	19.87
0	309.04	Bee07	41.33	27.14
0	309.04	Bee06	25.83	49.45
0	309.04	Bee03	22.13	29.28
0	309.04	Bee04	42.56	4.14
0	309.04	Bee05	25.30	2.75
0	309.04	Bee02	42.76	2.12
0	309.04	Bee00	29.11	25.00
0	310.04	Bee09	2.68	23.11
0	310.04	Bee08	42.93	28.97
0	310.04	Bee01	38.76	21.27
0	310.04	Bee07	41.13	29.15
0	310.04	Bee06	25.83	49.45
0	310.04	Bee03	23.51	27.80
0	310.04	Bee04	44.36	5.05
0	310.04	Bee05	27.04	3.78
0	310.04	Bee02	41.38	3.60
0	310.04	Bee00	27.63	26.37
0	311.04	Bee09	1.08	24.35
0	311.04	Bee08	42.43	30.93
0	311.04	Bee01	40.22	22.67
0	311.04	Bee07	40.93	31.17
0	311.04	Bee06	24.41	48.01
0	311.04	Bee03	24.88	26.32
0	311.04	Bee04	46.17	5.97
0	311.04	Bee05	28.78	4.81
0	311.04	Bee02	40.00	5.08
0	311.04	Bee00	26.15	27.76
0	312.04	Bee09	1.08	24.35
0	312.04	Bee08	41.92	32.89
0	312.04	Bee01	41.68	24.08
0	312.04	Bee07	40.73	33.18
0	312.04	Bee06	22.98	46.56
0	312.04	Bee03	26.26	24.83
0	312.04	Bee04	47.98	6.89
0	312.04	Bee05	30.52	5.84
0	312.04	Bee02	38.62	6.56
0	312.04	Bee00	24.67	29.14
0	313.04	Bee09	0.62	25.24
0	313.04	Bee08	41.42	34.83
0	313.04	Bee01	43.12	25.47
0	313.04	Bee07	40.53	35.17
0	313.04	Bee06	21.58	45.14
0	313.04	Bee03	27.62	23.36
0	313.04	Bee04	48.87	7.34
0	313.04	Bee05	32.25	6.86
0	313.04	Bee02	37.26	8.02
0	313.04	Bee00	23.21	30.50
0	314.04	Bee09	1.01	26.17
0	314.04	Bee08	40.92	36.79
0	314.04	Bee01	44.58	26.88
0	314.04	Bee07	40.33	37.19
0	314.04	Bee06	20.16	43.69
0	314.04	Bee03	29.00	21.87
0	314.04	Bee04	49.49	8.14
0	314.04	Bee05	33.99	7.89
0	314.04	Bee02	35.88	9.51
0	314.04	Bee00	21.73	31.89
0	315.04	Bee09	1.80	28.04
0	315.04	Bee08	40.41	38.76
0	315.04	Bee01	46.04	28.29
0	315.04	Bee07	40.13	39.21
0	315.04	Bee06	18.73	42.24
0	315.04	Bee03	30.38	20.38
0	315.04	Bee04	49.49	8.14
0	315.04	Bee05	35.74	8.93
0	315.04	Bee02	34.49	11.00
0	315.04	Bee00	20.24	33.27
0	316.04	Bee09	2.60	29.92
0	316.04	Bee08	39.90	40.74
0	316.04	Bee01	47.51	29.71
0	316.04	Bee07	39.93	41.25
0	316.04	Bee06	17.30	40.79
0	316.04	Bee03	31.77	18.88
0	316.04	Bee04	49.26	9.14
0	316.04	Bee05	37.50	9.97
0	316.04	Bee02	33.10	12.49
0	316.04	Bee00	18.75	34.67
0	317.04	Bee09	3.41	31.82
0	317.04	Bee08	39.39	42.74
0	317.04	Bee01	49.00	31.14
0	317.04	Bee07	39.73	43.30
0	317.04	Bee06	15.85	39.32
0	317.04	Bee03	33.17	17.37
0	317.04	Bee04	47.97	10.76
0	317.04	Bee05	39.28	11.02
0	317.04	Bee02	31.69	14.00
0	317.04	Bee00	17.24	36.08
0	318.04	Bee09	3.41	31.82
0	318.04	Bee08	39.39	42.74
0	318.04	Bee01	49.00	31.14
0	318.04	Bee07	39.73	43.30
0	318.04	Bee06	15.85	39.32
0	318.04	Bee03	33.17	17.37
0	318.04	Bee04	47.97	10.76
0	318.04	Bee05	39.28	11.02
0	318.04	Bee02	31.69	14.00
0	318.04	Bee00	17.24	36.08
0	319.04	Bee09	4.82	35.18
0	319.04	Bee08	38.48	46.26
0	319.04	Bee01	49.00	31.14
0	319.04	Bee07	39.37	46.92
0	319.04	Bee06	13.30	36.72
0	319.04	Bee03	35.64	14.70
0	319.04	Bee04	45.71	13.61
0	319.04	Bee05	42.41	12.87
0	319.04	Bee02	29.21	16.66
0	319.04	Bee00	14.58	38.56
0	320.04	Bee09	5.60	37.02
0	320.04	Bee08	37.99	48.20
0	320.04	Bee01	49.33	32.09
0	320.04	Bee07	39.17	48.91
0	320.04	Bee06	11.90	35.30
0	320.04	Bee03	37.00	13.23
0	320.04	Bee04	44.46	15.17
0	320.04	Bee05	44.13	13.89
0	320.04	Bee02	27.85	18.13
0	320.04	Bee00	13.12	39.92
0	321.04	Bee09	6.38	38.86
0	321.04	Bee08	37.74	49.17
0	321.04	Bee01	48.82	32.95
0	321.04	Bee07	39.17	48.91
0	321.04	Bee06	10.49	33.87
0	321.04	Bee03	38.36	11.76
0	321.04	Bee04	43.22	16.74
0	321.04	Bee05	44.13	13.89
0	321.04	Bee02	26.48	19.59
0	321.04	Bee00	11.65	41.29
0	322.04	Bee09	7.16	40.70
0	322.04	Bee08	37.74	49.17
0	322.04	Bee01	47.80	34.67
0	322.04	Bee07	39.17	48.91
0	322.04	Bee06	9.09	32.45
0	322.04	Bee03	39.72	10.30
0	322.04	Bee04	41.97	18.30
0	322.04	Bee05	44.29	14.88
0	322.04	Bee02	25.12	21.05
0	322.04	Bee00	10.19	42.66
0	323.04	Bee09	7.79	42.18
0	323.04	Bee08	37.74	49.17
0	323.04	Bee01	46.99	36.05
0	323.04	Bee07	39.17	48.91
0	323.04	Bee06	7.96	31.30
0	323.04	Bee03	40.81	9.12
0	323.04	Bee04	40.97	19.56
0	323.04	Bee05	44.55	16.46
0	323.04	Bee02	24.03	22.23
0	323.04	Bee00	9.02	43.75
0	324.04	Bee09	8.38	43.58
0	324.04	Bee08	35.30	48.54
0	324.04	Bee01	45.71	38.22
0	324.04	Bee07	38.17	48.85
0	324.04	Bee06	6.20	29.51
0	324.04	Bee03	42.52	7.27
0	324.04	Bee04	39.41	21.53
0	324.04	Bee05	44.97	18.95
0	324.04	Bee02	22.31	24.07
0	324.04	Bee00	7.18	45.47
0	325.04	Bee09	8.34	44.58
0	325.04	Bee08	33.35	48.04
0	325.04	Bee01	44.69	39.96
0	325.04	Bee07	36.16	48.72
0	325.04	Bee06	4.78	28.07
0	325.04	Bee03	43.89	5.79
0	325.04	Bee04	38.15	23.11
0	325.04	Bee05	45.30	20.93
0	325.04	Bee02	20.93	25.55
0	325.04	Bee00	5.70	46.84
0	326.04	Bee09	8.26	46.58
0	326.04	Bee08	31.40	47.53
0	326.04	Bee01	43.67	41.69
0	326.04	Bee07	34.15	48.59
0	326.04	Bee06	3.37	26.64
0	326.04	Bee03	45.26	4.32
0	326.04	Bee04	36.90	24.68
0	326.04	Bee05	45.62	22.92
0	326.04	Bee02	19.56	27.02
0	326.04	Bee00	4.23	48.22
0	327.04	Bee09	8.17	48.58
0	327.04	Bee08	29.47	47.03
0	327.04	Bee01	42.65	43.41
0	327.04	Bee07	32.16	48.46
0	327.04	Bee06	1.97	25.21
0	327.04	Bee03	46.61	2.85
0	327.04	Bee04	35.66	26.25
0	327.04	Bee05	45.95	24.89
0	327.04	Bee02	18.20	28.48
0	327.04	Bee00	2.77	49.58
0	328.04	Bee09	8.13	49.58
0	328.04	Bee08	27.52	46.53
0	328.04	Bee01	41.63	45.14
0	328.04	Bee07	30.15	48.33
0	328.04	Bee06	0.56	23.78
0	328.04	Bee03	47.98	1.38
0	328.04	Bee04	34.40	27.82
0	328.04	Bee05	46.28	26.87
0	328.04	Bee02	16.83	29.95
0	328.04	Bee00	2.77	49.58
0	329.04	Bee09	8.13	49.58
0	329.04	Bee08	25.55	46.02
0	329.04	Bee01	40.60	46.89
0	329.04	Bee07	28.12	48.20
0	329.04	Bee06	0.56	23.78
0	329.04	Bee03	48.66	0.64
0	329.04	Bee04	33.14	29.41
0	329.04	Bee05	46.61	28.88
0	329.04	Bee02	15.44	31.44
0	329.04	Bee00	2.77	49.58
0	330.04	Bee09	8.13	49.58
0	330.04	Bee08	23.57	45.51
0	330.04	Bee01	39.56	48.65
0	330.04	Bee07	26.09	48.07
0	330.04	Bee06	0.67	22.77
0	330.04	Bee03	48.66	0.64
0	330.04	Bee04	31.87	31.01
0	330.04	Bee05	46.94	30.89
0	330.04	Bee02	14.05	32.93
0	330.04	Bee00	2.77	49.58
0	331.04	Bee09	9.13	49.43
0	331.04	Bee08	21.61	45.00
0	331.04	Bee01	39.04	49.53
0	331.04	Bee07	24.06	47.93
0	331.04	Bee06	1.74	21.05
0	331.04	Bee03	49.54	1.14
0	331.04	Bee04	30.61	32.60
0	331.04	Bee05	47.27	32.89
0	331.04	Bee02	12.67	34.42
0	331.04	Bee00	2.77	49.58
0	332.04	Bee09	9.13	49.43
0	332.04	Bee08	20.64	44.75
0	332.04	Bee01	39.04	49.53
0	332.04	Bee07	23.06	47.87
0	332.04	Bee06	2.27	20.20
0	332.04	Bee03	49.54	1.14
0	332.04	Bee04	29.98	33.38
0	332.04	Bee05	47.44	33.88
0	332.04	Bee02	11.99	35.15
0	332.04	Bee00	2.77	49.58
0	333.04	Bee09	9.13	49.43
0	333.04	Bee08	20.64	44.75
0	333.04	Bee01	39.04	49.53
0	333.04	Bee07	23.06	47.87
0	333.04	Bee06	2.27	20.20
0	333.04	Bee03	49.54	1.14
0	333.04	Bee04	29.98	33.38
0	333.04	Bee05	47.44	33.88
0	333.04	Bee02	11.99	35.15
0	333.04	Bee00	2.77	49.58
0	334.02	Bee09	13.67	46.41
0	334.02	Bee08	15.37	43.39
0	334.02	Bee01	39.04	49.53
0	334.02	Bee07	17.63	47.52
0	334.02	Bee06	5.14	15.57
0	334.02	Bee03	48.58	1.39
0	334.02	Bee04	26.60	37.64
0	334.02	Bee05	48.33	39.25
0	334.02	Bee02	8.28	39.13
0	334.02	Bee00	2.58	48.60
0	335.02	Bee09	15.33	45.31
0	335.02	Bee08	13.44	42.88
0	335.02	Bee01	39.04	49.53
0	335.02	Bee07	15.64	47.39
0	335.02	Bee06	6.20	13.87
0	335.02	Bee03	46.64	1.89
0	335.02	Bee04	25.35	39.21
0	335.02	Bee05	48.65	41.22
0	335.02	Bee02	6.91	40.59
0	335.02	Bee00	2.19	46.64
0	336.03	Bee09	17.02	44.18
0	336.03	Bee08	11.47	42.38
0	336.03	Bee01	39.04	49.53
0	336.03	Bee07	13.61	47.26
0	336.03	Bee06	7.27	12.15
0	336.03	Bee03	44.68	2.40
0	336.03	Bee04	24.09	40.79
0	336.03	Bee05	48.98	43.23
0	336.03	Bee02	5.53	42.08
0	336.03	Bee00	1.80	44.65
0	337.04	Bee09	18.70	43.07
0	337.04	Bee08	9.52	41.87
0	337.04	Bee01	40.06	49.43
0	337.04	Bee07	11.60	47.13
0	337.04	Bee06	8.33	10.44
0	337.04	Bee03	42.73	2.90
0	337.04	Bee04	22.83	42.37
0	337.04	Bee05	49.15	44.23
0	337.04	Bee02	4.16	43.55
0	337.04	Bee00	1.41	42.67
0	338.04	Bee09	19.56	42.49
0	338.04	Bee08	8.52	41.61
0	338.04	Bee01	40.06	49.43
0	338.04	Bee07	10.57	47.06
0	338.04	Bee06	8.88	9.56
0	338.04	Bee03	41.72	3.16
0	338.04	Bee04	22.19	43.18
0	338.04	Bee05	48.87	45.22
0	338.04	Bee02	3.45	44.31
0	338.04	Bee00	1.20	41.65
0	339.04	Bee09	21.22	41.39
0	339.04	Bee08	6.58	41.11
0	339.04	Bee01	41.17	47.77
0	339.04	Bee07	8.57	46.93
0	339.04	Bee06	9.93	7.86
0	339.04	Bee03	39.79	3.66
0	339.04	Bee04	20.94	44.75
0	339.04	Bee05	48.33	47.15
0	339.04	Bee02	2.09	45.77
0	339.04	Bee00	0.82	39.69
0	340.04	Bee09	22.89	40.28
0	340.04	Bee08	4.65	40.61
0	340.04	Bee01	42.28	46.11
0	340.04	Bee07	6.57	46.81
0	340.04	Bee06	10.99	6.16
0	340.04	Bee03	37.85	4.17
0	340.04	Bee04	19.70	46.31
0	340.04	Bee05	47.80	49.08
0	340.04	Bee02	0.72	47.24
0	340.04	Bee00	1.05	38.72
0	341.04	Bee09	24.56	39.17
0	341.04	Bee08	2.71	40.11
0	341.04	Bee01	43.40	44.45
0	341.04	Bee07	4.58	46.68
0	341.04	Bee06	12.04	4.46
0	341.04	Bee03	35.91	4.67
0	341.04	Bee04	18.45	47.88
0	341.04	Bee05	47.80	49.08
0	341.04	Bee02	0.72	47.24
0	341.04	Bee00	1.53	36.78
0	342.04	Bee09	26.23	38.05
0	342.04	Bee08	0.76	39.60
0	342.04	Bee01	44.52	42.77
0	342.04	Bee07	2.57	46.55
0	342.04	Bee06	13.11	2.75
0	342.04	Bee03	33.96	5.17
0	342.04	Bee04	17.20	49.46
0	342.04	Bee05	46.89	49.49
0	342.04	Bee02	0.85	48.23
0	342.04	Bee00	2.01	34.82
0	343.04	Bee09	27.90	36.95
0	343.04	Bee08	0.76	39.60
0	343.04	Bee01	45.63	41.11
0	343.04	Bee07	0.57	46.42
0	343.04	Bee06	14.16	1.05
0	343.04	Bee03	32.02	5.67
0	343.04	Bee04	17.20	49.46
0	343.04	Bee05	45.99	49.05
0	343.04	Bee02	1.38	49.07
0	343.04	Bee00	2.49	32.88
0	344.04	Bee09	29.58	35.83
0	344.04	Bee08	0.76	39.60
0	344.04	Bee01	46.76	39.44
0	344.04	Bee07	0.57	46.42
0	344.04	Bee06	14.16	1.05
0	344.04	Bee03	30.07	6.18
0	344.04	Bee04	16.20	49.48
0	344.04	Bee05	44.17	48.17
0	344.04	Bee02	2.39	49.21
0	344.04	Bee00	2.97	30.92
0	345.04	Bee09	31.27	34.70
0	345.04	Bee08	0.76	39.60
0	345.04	Bee01	47.89	37.75
0	345.04	Bee07	0.57	46.42
0	345.04	Bee06	15.02	0.50
0	345.04	Bee03	28.10	6.69
0	345.04	Bee04	15.54	48.71
0	345.04	Bee05	42.35	47.27
0	345.04	Bee02	3.36	48.89
0	345.04	Bee00	3.46	28.94
0	346.04	Bee09	32.95	33.59
0	346.04	Bee08	0.69	40.62
0	346.04	Bee01	49.01	36.07
0	346.04	Bee07	0.57	46.42
0	346.04	Bee06	15.02	0.50
0	346.04	Bee03	26.15	7.19
0	346.04	Bee04	14.23	47.18
0	346.04	Bee05	40.54	46.39
0	346.04	Bee02	5.27	48.28
0	346.04	Bee00	3.94	26.99
0	347.04	Bee09	34.61	32.48
0	347.04	Bee08	1.42	42.48
0	347.04	Bee01	49.57	35.24
0	347.04	Bee07	0.69	47.41
0	347.04	Bee06	15.02	0.50
0	347.04	Bee03	24.22	7.69
0	347.04	Bee04	12.92	45.67
0	347.04	Bee05	38.74	45.51
0	347.04	Bee02	7.18	47.66
0	347.04	Bee00	4.42	25.05
0	348.04	Bee09	36.31	31.35
0	348.04	Bee08	2.16	44.37
0	348.04	Bee01	49.28	34.26
0	348.04	Bee07	1.77	49.13
0	348.04	Bee06	15.02	0.50
0	348.04	Bee03	22.25	8.20
0	348.04	Bee04	11.60	44.12
0	348.04	Bee05	36.92	44.62
0	348.04	Bee02	9.11	47.04
0	348.04	Bee00	4.90	23.07
0	349.04	Bee09	37.98	30.24
0	349.04	Bee08	2.89	46.25
0	349.04	Bee01	48.61	33.51
0	349.04	Bee07	1.77	49.13
0	349.04	Bee06	15.02	0.50
0	349.04	Bee03	20.30	8.71
0	349.04	Bee04	10.29	42.60
0	349.04	Bee05	35.10	43.74
0	349.04	Bee02	11.03	46.42
0	349.04	Bee00	5.38	21.12
0	350.04	Bee09	39.65	29.13
0	350.04	Bee08	3.62	48.11
0	350.04	Bee01	47.28	32.02
0	350.04	Bee07	2.77	49.26
0	350.04	Bee06	14.02	0.57
0	350.04	Bee03	18.36	9.21
0	350.04	Bee04	8.98	41.08
0	350.04	Bee05	33.31	42.86
0	350.04	Bee02	12.93	45.80
0	350.04	Bee00	5.86	19.17
0	351.04	Bee09	41.33	28.01
0	351.04	Bee08	3.98	49.05
0	351.04	Bee01	45.93	30.51
0	351.04	Bee07	3.72	48.96
0	351.04	Bee06	14.02	0.57
0	351.04	Bee03	16.41	9.71
0	351.04	Bee04	7.67	39.54
0	351.04	Bee05	31.49	41.97
0	351.04	Bee02	14.86	45.18
0	351.04	Bee00	6.34	17.21
0	352.04	Bee09	43.03	26.88
0	352.04	Bee08	3.98	49.05
0	352.04	Bee01	44.58	29.00
0	352.04	Bee07	4.73	49.10
0	352.04	Bee06	12.84	2.23
0	352.04	Bee03	14.44	10.22
0	352.04	Bee04	6.34	38.00
0	352.04	Bee05	29.66	41.08
0	352.04	Bee02	16.79	44.56
0	352.04	Bee00	6.83	15.24
0	353.04	Bee09	44.71	25.77
0	353.04	Bee08	4.93	49.35
0	353.04	Bee01	43.24	27.49
0	353.04	Bee07	5.68	48.80
0	353.04	Bee06	11.67	3.87
0	353.04	Bee03	12.48	10.73
0	353.04	Bee04	5.03	36.47
0	353.04	Bee05	27.85	40.19
0	353.04	Bee02	18.71	43.94
0	353.04	Bee00	7.31	13.28
